60
10 9
7
9
5
7
20
13
3
18
1
7
2 1 50
1 5 60
5 7 23
2 0 43
7 4 15
4 6 55
1 9 12
9 8 23
7 3 30
10 9
4
10
20
11
20
7
16
11
9
14
6 9 26
9 3 10
3 1 39
1 7 21
7 2 34
2 5 16
5 4 19
4 8 6
1 0 43
10 9
14
12
12
18
16
14
4
11
1
5
1 6 31
6 7 30
7 9 28
6 5 5
5 3 44
3 4 21
9 2 1
9 8 43
6 0 8
10 9
5
2
17
2
13
4
16
4
9
19
9 1 11
1 6 58
6 7 18
7 4 6
1 5 41
5 2 14
5 8 27
6 3 58
3 0 42
10 9
9
2
16
14
18
6
2
10
14
7
3 9 17
9 7 45
7 0 25
0 4 52
4 5 33
5 6 42
4 2 23
6 8 54
9 1 57
10 9
19
5
14
12
16
2
15
16
19
5
0 8 46
8 9 56
0 6 29
6 2 55
2 5 27
9 4 23
6 1 8
6 7 20
5 3 2
10 9
3
3
5
12
5
18
4
4
11
8
4 8 9
8 2 7
2 6 22
6 0 16
0 7 18
0 1 8
1 5 10
0 3 58
2 9 28
10 9
10
8
11
16
16
11
19
15
4
17
7 6 35
6 0 26
0 4 46
0 1 18
7 8 34
7 2 30
1 9 50
2 5 49
1 3 11
10 9
13
8
12
17
16
6
7
17
17
16
4 5 1
5 2 31
2 9 6
5 1 6
1 8 38
8 0 34
0 7 39
7 6 35
9 3 13
10 9
2
6
17
11
8
2
4
10
16
20
9 5 21
5 0 53
0 7 16
7 2 38
9 8 23
5 3 3
3 4 38
8 1 5
2 6 2
12 11
4
11
18
16
12
4
15
7
17
15
3
7
4 1 33
1 8 5
8 3 49
3 11 32
11 10 4
4 6 7
11 0 37
6 9 11
9 7 37
6 2 51
4 5 27
12 11
19
12
9
18
10
7
9
18
17
8
3
9
7 0 25
0 4 12
4 9 26
9 2 19
2 8 39
8 11 28
2 5 1
0 1 12
1 3 27
8 6 59
3 10 6
12 11
19
14
18
18
15
4
7
18
9
5
9
6
8 3 42
3 0 4
0 10 28
10 2 9
2 9 44
9 6 38
2 7 28
7 5 1
10 11 56
5 1 21
2 4 29
12 11
3
18
17
15
16
10
15
18
10
16
10
11
5 2 8
2 7 32
2 3 28
5 0 59
0 1 8
1 4 8
2 9 21
4 11 16
7 6 36
0 8 22
3 10 42
12 11
10
11
18
19
14
1
20
10
5
19
18
10
1 9 44
1 3 15
9 0 22
0 7 24
7 8 27
8 11 22
11 5 50
3 2 44
7 4 11
4 6 48
1 10 24
12 11
1
12
7
11
4
6
3
20
10
7
13
9
11 8 50
8 1 15
11 10 29
10 4 60
10 2 23
2 6 27
6 5 17
10 0 17
11 3 45
2 7 28
11 9 59
12 11
4
1
3
19
10
7
4
12
9
11
9
11
3 1 46
1 5 52
1 2 26
2 6 32
6 4 7
4 7 49
4 8 21
8 10 32
10 11 54
5 0 5
0 9 11
12 11
7
1
5
15
4
9
1
4
14
10
5
20
4 5 21
5 8 45
8 3 25
3 7 32
7 9 44
9 6 4
4 11 14
11 0 52
0 1 18
7 2 58
1 10 2
12 11
16
18
9
7
6
4
9
12
17
17
17
12
9 2 11
9 3 34
3 1 40
1 11 38
11 8 52
2 0 39
0 10 48
10 6 4
10 7 3
7 4 36
7 5 3
12 11
11
4
12
6
8
20
3
5
10
17
11
4
10 6 25
6 1 38
1 2 37
2 5 58
1 4 45
4 0 45
6 8 18
1 7 40
4 9 14
6 3 57
3 11 59
14 13
1
2
16
15
20
3
19
18
14
17
16
16
8
6
2 11 60
11 3 49
3 6 31
6 4 3
4 0 25
0 5 31
3 1 4
0 10 7
10 12 51
12 8 19
0 7 38
8 9 24
2 13 42
14 13
10
7
1
18
17
13
7
13
16
1
10
5
11
13
4 10 52
10 2 45
2 3 47
10 8 9
8 0 44
8 5 3
5 11 50
11 7 59
4 12 6
12 1 51
3 9 56
0 13 55
4 6 11
14 13
11
1
3
10
3
9
13
12
2
20
16
13
3
11
13 10 37
10 11 23
11 9 40
11 2 29
2 7 11
9 8 1
8 0 46
0 6 29
0 1 51
1 5 50
5 4 3
8 3 56
11 12 18
14 13
19
5
20
6
17
15
1
16
4
4
2
4
18
19
9 13 25
13 10 42
9 8 33
8 12 28
12 3 53
3 11 42
11 4 20
13 5 24
5 2 51
2 6 12
6 0 44
5 7 28
11 1 9
14 13
16
4
16
20
9
15
10
1
18
6
17
7
2
16
8 2 26
2 7 12
7 10 24
10 6 17
2 12 44
12 13 25
13 3 48
3 9 37
9 5 52
13 1 6
10 4 41
9 0 52
7 11 49
14 13
13
8
18
5
17
15
18
7
4
14
5
13
20
6
0 11 17
11 3 30
3 8 41
8 9 31
9 4 53
4 10 27
9 13 52
13 2 18
2 1 10
10 5 30
1 12 5
8 6 22
13 7 22
14 13
6
8
5
10
4
18
12
12
19
6
4
13
6
16
7 2 13
2 0 29
0 12 60
2 5 51
5 11 47
11 1 13
1 13 24
13 10 24
10 4 35
7 8 22
8 3 7
8 6 13
0 9 41
14 13
9
18
17
5
20
20
4
13
6
14
2
19
8
7
1 3 18
3 7 32
7 0 50
3 6 54
6 12 2
12 5 34
5 9 60
9 10 38
10 11 3
11 8 59
8 2 22
2 4 54
3 13 14
14 13
2
13
10
6
18
4
1
9
17
11
4
2
2
10
1 2 55
2 12 42
12 10 59
10 6 38
6 0 4
1 8 27
8 4 38
10 11 52
0 5 36
0 13 53
11 9 48
12 3 44
4 7 54
14 13
7
13
14
12
1
16
4
16
3
18
20
20
17
17
13 6 50
6 10 3
10 7 49
7 2 58
2 5 25
5 8 29
6 4 60
2 1 24
13 12 46
5 9 46
8 3 42
9 0 57
0 11 58
16 15
9
15
10
7
6
4
11
9
15
6
3
2
16
12
16
8
4 13 37
13 5 37
5 9 33
4 11 35
11 2 23
9 15 57
4 6 45
13 14 52
14 0 7
0 1 16
1 10 42
10 12 38
14 8 43
4 3 25
10 7 13
16 15
7
9
13
16
10
18
14
17
17
5
20
1
17
6
6
10
2 14 59
14 7 10
7 15 32
15 3 40
3 8 40
3 6 35
7 0 35
0 10 44
10 11 22
11 5 17
6 4 24
4 13 45
10 12 35
5 1 60
1 9 32
16 15
15
15
3
2
9
1
8
17
3
14
5
3
18
14
15
4
12 1 35
1 9 53
9 3 30
9 4 38
4 2 3
2 6 17
9 14 26
14 15 38
15 5 4
1 7 16
7 11 30
4 0 26
14 10 14
3 13 25
13 8 30
16 15
5
19
5
6
6
12
2
3
9
16
11
2
13
2
10
12
14 13 6
14 0 42
0 5 16
14 9 33
9 7 26
7 1 41
14 10 51
13 6 60
1 4 19
1 11 35
9 3 55
6 15 19
7 8 13
9 2 31
2 12 46
16 15
20
13
14
12
18
3
4
9
4
17
6
13
2
8
4
10
11 5 52
5 7 57
7 12 30
12 0 20
0 8 42
8 9 5
9 13 36
13 15 21
12 2 40
2 4 19
11 14 37
5 1 58
9 10 51
13 6 41
12 3 41
16 15
12
4
8
3
4
16
9
7
19
16
7
7
4
12
5
8
6 7 14
7 4 57
4 10 13
4 13 5
13 0 37
6 5 60
5 11 12
7 15 25
0 8 55
8 2 52
2 14 31
6 12 37
11 1 25
8 3 55
4 9 52
16 15
19
15
6
13
15
11
7
17
20
19
19
18
20
8
1
11
8 15 59
15 9 35
9 10 51
10 7 53
7 1 52
1 2 4
1 11 8
11 6 59
10 5 29
5 13 27
15 4 1
8 14 1
14 0 57
1 12 6
6 3 43
16 15
3
18
6
4
19
2
5
14
13
7
9
17
18
19
17
3
4 2 59
2 1 46
1 9 31
2 13 48
13 11 47
11 5 11
5 10 2
10 12 48
9 6 58
12 14 9
14 0 24
14 7 5
13 3 11
11 15 14
2 8 57
16 15
6
4
10
14
6
20
19
19
17
9
18
19
10
16
17
17
5 8 12
8 12 13
12 14 19
14 10 3
10 4 19
4 13 7
13 11 42
11 3 8
5 0 29
14 1 3
1 9 1
9 15 60
12 2 26
9 6 39
9 7 28
16 15
10
17
5
5
9
1
10
15
4
9
3
7
20
10
17
3
2 10 48
10 9 31
9 15 41
15 6 6
6 5 40
5 14 38
15 1 59
1 11 49
10 8 56
5 13 37
9 0 45
14 12 7
12 7 19
0 4 34
0 3 43
18 17
16
7
2
19
7
9
17
20
19
6
6
14
10
10
19
4
8
10
16 15 41
15 9 20
9 4 45
4 11 40
11 6 39
6 3 50
4 0 1
0 14 42
14 5 18
5 17 18
3 7 48
7 10 13
4 2 10
4 8 22
15 13 41
17 1 58
2 12 14
18 17
11
8
1
5
17
4
2
3
12
11
17
8
5
10
15
16
3
3
0 9 25
9 5 31
5 1 40
1 3 14
3 13 44
13 2 38
2 17 20
5 11 19
11 12 59
5 6 11
1 10 24
10 8 14
8 15 39
15 16 38
3 4 40
8 7 4
7 14 2
18 17
5
5
7
17
12
2
8
8
2
14
20
2
16
11
16
3
1
7
1 16 28
16 9 52
1 5 1
5 10 5
1 0 9
0 17 38
17 13 57
13 15 11
16 4 58
0 3 6
9 11 26
11 6 44
1 12 21
10 14 22
16 8 30
9 7 36
10 2 22
18 17
9
17
20
17
6
14
6
8
18
13
11
12
8
1
10
3
10
8
0 17 18
17 2 47
2 12 39
12 14 60
14 8 4
2 9 52
9 6 23
9 13 47
8 1 16
1 4 19
4 10 31
12 7 24
7 5 14
14 11 55
6 3 31
10 16 17
5 15 17
18 17
17
7
14
17
17
4
9
6
19
16
4
12
1
9
20
13
2
10
13 10 7
10 6 15
6 4 23
4 9 58
6 16 8
6 15 53
15 7 33
6 14 5
4 11 30
7 1 13
1 0 47
0 5 5
5 2 27
2 8 28
6 3 5
11 12 33
10 17 14
18 17
11
11
17
4
10
2
4
2
1
5
15
2
9
20
6
4
17
19
5 0 59
0 13 30
13 1 13
1 3 22
3 8 52
8 10 3
10 4 9
3 7 42
7 14 15
8 2 22
2 6 22
6 11 6
11 16 45
16 15 59
0 12 41
5 9 1
5 17 32
18 17
15
11
9
9
12
6
15
17
9
14
11
5
9
14
17
8
1
20
13 4 33
4 5 26
5 9 32
9 10 32
10 16 34
13 0 58
0 11 11
5 2 57
2 7 54
2 3 26
10 1 46
7 8 6
16 14 31
14 6 26
10 12 38
11 17 60
13 15 36
18 17
7
18
7
15
13
3
4
13
5
18
17
4
6
20
2
6
1
1
2 5 17
2 13 45
13 11 9
11 1 60
1 10 15
10 9 17
9 17 11
17 3 55
5 6 46
2 14 3
14 4 39
14 0 12
0 8 5
4 16 13
9 12 13
17 15 4
15 7 14
18 17
1
2
7
11
10
17
3
11
7
3
19
17
16
20
11
19
5
3
10 11 34
11 14 35
14 15 36
15 16 20
16 9 2
9 8 59
9 2 53
2 4 23
2 3 6
3 5 49
5 13 60
13 12 1
12 7 7
9 17 44
5 6 51
14 1 48
17 0 27
18 17
1
6
4
3
10
1
1
19
7
8
4
17
15
19
19
18
11
7
13 12 1
12 5 15
5 8 54
12 0 4
0 10 4
10 17 17
17 4 54
4 2 25
2 14 24
14 16 18
2 3 12
3 9 49
17 11 22
10 15 33
9 6 59
8 1 35
10 7 29
20 19
17
2
12
19
2
14
13
8
20
13
17
2
20
15
13
12
17
12
15
3
17 6 33
6 10 7
10 14 44
6 13 52
13 3 43
3 2 40
2 18 60
18 7 54
7 0 3
18 15 46
15 19 36
19 9 14
9 11 10
2 8 47
8 16 10
8 12 35
10 1 10
17 4 57
11 5 58
20 19
19
20
16
1
3
14
11
3
4
5
13
5
6
17
11
17
3
3
8
12
9 3 58
3 2 18
2 17 19
17 15 36
15 11 13
9 14 27
14 18 2
18 0 38
0 10 54
10 19 22
11 13 10
11 12 11
12 5 35
5 7 1
11 6 1
17 1 3
18 4 23
15 16 43
15 8 26
20 19
5
16
6
14
12
15
1
9
2
5
3
1
4
6
9
1
4
6
9
12
2 17 18
17 13 22
13 5 29
17 3 37
3 6 47
6 10 7
10 11 3
11 1 38
3 7 44
17 0 49
0 4 24
4 18 42
17 9 35
11 8 33
0 19 34
6 12 46
6 16 34
16 15 58
1 14 41
20 19
19
7
15
1
18
4
2
20
1
8
4
8
7
16
3
9
20
5
8
17
17 13 36
13 1 20
1 7 21
7 2 5
2 15 41
15 10 23
10 18 19
18 5 30
1 12 9
12 19 14
5 14 45
7 6 29
14 9 7
15 8 49
17 3 13
15 0 54
18 16 41
17 11 39
15 4 23
20 19
10
20
20
10
8
18
5
19
17
7
14
18
10
14
5
14
11
1
6
14
16 6 34
6 5 38
6 13 22
13 0 27
5 1 26
1 9 51
9 18 16
6 8 35
16 19 13
13 2 52
2 12 31
13 14 10
19 4 29
4 15 11
18 10 50
10 7 50
8 11 25
7 3 13
15 17 21
20 19
13
4
2
11
6
10
14
14
10
10
15
20
11
1
7
2
19
10
4
18
12 3 35
3 1 13
1 10 55
10 15 13
15 0 11
0 14 53
1 19 45
19 18 54
0 16 59
16 2 19
2 6 19
6 13 29
13 7 2
7 8 12
8 4 59
4 17 52
6 9 20
15 5 38
3 11 55
20 19
6
2
1
14
2
12
8
4
20
20
9
11
2
7
18
5
20
7
12
7
10 17 32
17 8 47
8 1 53
1 0 43
0 7 44
7 18 46
1 16 20
7 3 39
3 19 4
17 12 53
12 14 14
14 2 47
2 11 43
11 15 40
18 6 57
6 13 21
13 4 47
18 5 5
12 9 15
20 19
15
20
8
3
19
19
19
4
20
10
2
16
9
15
20
19
8
15
18
8
15 10 28
10 0 32
0 3 24
3 14 14
0 7 40
7 8 19
8 1 14
1 17 23
3 2 26
2 16 55
16 13 41
14 11 38
11 19 5
7 12 25
12 9 25
16 18 35
18 4 40
9 5 34
18 6 55
20 19
17
18
2
20
2
3
18
5
7
10
11
2
6
3
11
14
6
13
2
6
3 17 27
17 19 57
19 14 22
14 9 46
9 12 35
12 8 42
19 4 17
19 6 8
4 10 1
6 1 9
12 5 11
12 15 60
10 11 45
14 13 10
13 0 32
0 16 10
4 7 24
7 18 59
9 2 33
20 19
3
19
13
2
3
3
15
7
7
17
10
5
12
3
16
15
1
8
4
2
17 10 49
10 8 23
8 13 43
13 7 14
7 9 41
13 12 23
12 3 9
3 14 29
3 1 41
1 15 41
15 4 17
14 5 31
3 0 6
14 6 12
6 18 18
14 16 21
18 19 54
17 11 24
11 2 46
