60
10 22
6
18
10
9
13
12
15
19
10
16
8 0 36
0 9 13
9 7 14
7 3 60
0 2 15
0 5 34
7 6 10
3 1 57
1 4 56
8 1 26
6 3 29
3 2 8
3 0 22
7 8 47
4 8 7
6 2 52
4 9 33
4 2 34
2 5 28
7 1 36
3 5 16
7 2 55
10 22
5
17
6
18
1
4
3
9
7
10
9 5 23
5 1 56
9 6 13
1 3 28
3 8 8
8 2 5
2 0 9
2 7 38
1 4 8
3 0 1
2 4 6
8 1 14
7 1 37
6 8 2
2 9 53
9 0 42
1 9 34
6 7 29
6 1 19
7 0 48
2 1 13
2 6 27
10 22
12
7
7
2
9
13
2
7
10
9
2 1 51
1 5 42
5 3 60
5 0 27
3 7 20
7 4 25
4 6 24
4 9 34
5 8 49
1 4 52
1 7 8
8 6 60
0 9 10
6 7 60
8 3 38
8 4 41
6 9 39
7 0 57
6 0 5
2 0 36
2 4 15
7 9 51
10 22
7
13
15
8
19
8
10
3
16
16
7 1 4
1 2 29
1 5 39
5 4 39
4 9 34
9 6 36
9 3 47
3 8 13
6 0 60
3 2 22
6 5 46
5 7 52
4 0 35
3 1 11
8 2 55
1 6 10
4 2 51
4 8 23
7 3 57
7 6 44
0 8 30
7 9 10
10 22
5
13
9
6
15
3
10
16
10
3
4 1 11
1 6 36
6 8 46
8 9 60
1 5 38
5 3 59
1 7 18
5 2 14
4 0 3
0 7 7
9 5 47
5 8 17
3 1 18
9 7 51
5 6 35
7 8 31
3 9 7
9 2 13
8 1 54
4 2 10
8 2 37
6 9 31
10 22
13
1
8
8
13
20
19
11
16
3
9 5 10
5 0 51
0 4 25
4 7 33
7 8 21
8 6 19
9 2 46
5 3 59
9 1 55
0 3 60
8 0 54
4 8 22
4 6 27
8 2 26
7 5 11
5 2 39
6 9 17
2 0 16
1 7 14
7 3 31
6 2 50
9 7 40
10 22
1
1
9
10
5
17
1
13
14
16
2 1 55
1 0 28
0 4 32
4 5 57
5 8 15
4 6 32
4 9 13
4 3 14
2 7 39
8 9 54
3 2 58
2 5 21
7 3 32
5 0 4
6 2 45
6 8 23
1 3 50
3 9 23
8 2 29
5 1 19
9 0 47
1 8 35
10 22
15
17
10
3
14
12
13
11
10
20
7 3 48
3 5 6
5 6 17
6 2 5
2 1 18
7 8 36
3 9 28
1 0 41
6 4 9
0 9 44
2 4 41
1 8 32
8 4 26
0 5 36
5 8 8
4 0 36
9 5 9
4 7 51
3 2 51
4 3 42
7 5 18
2 7 28
10 22
15
12
20
20
5
7
14
1
17
15
1 9 34
9 0 50
0 3 51
3 6 58
9 4 16
4 7 32
9 8 6
9 5 47
5 2 45
4 2 32
7 8 12
3 2 18
3 5 25
1 8 29
1 5 29
5 0 15
9 7 48
5 7 19
3 9 31
6 1 13
9 6 24
0 1 6
10 22
15
5
7
8
4
4
11
8
13
9
3 1 36
1 0 9
0 9 20
1 8 17
8 7 30
3 6 26
7 4 57
4 2 31
7 5 30
9 5 23
2 6 16
0 7 12
2 9 33
3 0 32
9 6 9
3 9 4
2 3 47
9 8 41
2 7 20
5 2 23
2 0 21
4 8 58
12 33
6
3
6
9
9
16
20
14
19
8
8
2
9 11 38
11 8 35
9 3 2
8 0 50
0 10 50
10 5 34
3 4 26
9 2 35
5 7 21
7 1 38
1 6 58
7 2 47
6 3 16
9 10 13
5 8 30
6 9 6
2 10 17
1 5 46
11 4 45
1 9 22
4 5 8
0 1 34
7 4 52
3 5 2
6 11 7
7 8 27
0 7 18
11 5 1
5 9 32
10 1 42
10 8 57
1 4 57
10 6 36
12 33
3
20
4
11
13
3
13
20
16
15
3
6
8 2 39
2 1 54
1 7 9
7 6 3
1 3 60
3 10 4
1 9 1
6 0 56
0 4 44
7 5 17
4 11 32
8 10 32
2 0 14
9 6 50
6 10 7
5 1 55
0 5 27
9 4 8
4 10 28
8 9 37
5 3 27
11 3 6
9 7 47
3 0 1
6 1 23
8 5 51
5 6 24
4 7 5
4 6 14
7 11 3
10 11 23
4 2 27
7 2 27
12 33
13
9
15
18
9
13
16
19
16
8
2
15
9 10 25
10 3 20
3 6 26
10 7 50
7 4 11
4 11 19
11 8 36
11 2 25
2 1 1
2 5 21
2 0 33
1 5 38
11 7 11
0 9 31
2 3 22
2 9 31
4 3 37
10 8 21
2 7 53
9 11 46
10 1 3
7 3 49
9 6 13
8 6 8
2 8 27
0 11 50
6 4 13
0 4 25
4 9 31
11 3 2
2 6 50
10 4 53
7 9 16
12 33
18
11
10
5
1
4
15
19
20
17
5
10
11 6 8
6 9 60
9 10 32
10 2 32
2 4 38
4 7 5
4 0 1
2 3 38
3 5 59
3 1 28
0 8 7
4 1 16
4 11 32
6 3 53
4 9 20
7 1 2
8 7 42
7 11 47
8 5 44
9 7 24
9 1 42
10 11 49
6 4 53
6 7 41
11 0 5
2 5 7
3 10 18
11 5 1
0 7 14
10 4 40
2 6 44
6 8 49
1 0 11
12 33
4
10
1
18
18
14
3
5
17
17
18
17
1 9 46
9 5 46
5 10 37
5 7 35
10 11 21
9 6 17
6 2 55
2 4 40
2 8 44
11 3 28
11 0 13
2 10 30
7 4 20
5 1 57
4 1 54
1 10 47
9 3 13
9 7 49
0 6 40
10 0 50
4 9 3
2 7 15
4 10 39
11 1 53
5 4 24
2 5 12
3 4 21
7 0 56
9 8 48
7 3 42
3 10 23
6 1 31
6 10 33
12 33
6
3
10
13
14
16
14
14
4
12
18
20
9 11 37
11 3 13
3 1 46
3 10 48
10 0 55
9 4 48
4 8 44
9 5 35
10 7 40
10 6 55
1 2 55
2 11 57
6 2 11
3 9 6
1 0 13
10 11 26
5 0 51
2 5 49
8 3 56
3 2 6
11 1 8
7 2 26
9 6 23
4 6 2
9 8 52
7 5 21
4 5 6
9 0 23
6 0 19
5 11 9
3 4 18
1 4 24
7 0 14
12 33
16
12
14
4
14
14
4
19
7
3
18
5
6 5 4
5 7 36
7 4 21
7 3 41
3 0 21
0 1 57
1 8 29
8 2 52
8 10 35
4 11 59
1 9 35
11 8 25
11 0 47
3 9 49
9 2 5
2 4 8
11 10 30
3 4 58
8 6 52
6 2 56
11 2 34
5 10 54
3 8 51
0 9 23
1 5 16
2 5 49
4 10 60
7 10 50
0 2 33
9 8 46
1 7 29
11 1 12
6 3 54
12 33
2
16
16
12
11
11
11
10
6
9
10
8
2 0 30
0 5 37
5 8 7
2 10 5
10 11 14
10 6 56
6 9 7
9 4 32
2 3 55
11 1 20
5 7 18
6 7 26
5 6 5
0 9 51
0 8 41
0 3 60
11 8 45
4 7 27
9 10 38
4 5 27
1 5 8
5 3 33
8 3 59
9 3 6
7 10 8
3 1 49
3 6 42
2 4 57
9 2 7
8 7 49
5 10 22
4 3 53
7 9 22
12 33
3
18
9
3
4
6
15
17
8
5
9
5
3 0 40
0 4 6
4 5 17
5 6 42
4 9 42
9 2 4
2 7 30
5 8 21
8 1 23
7 11 38
1 10 45
9 0 47
4 6 19
1 2 17
10 0 46
9 7 3
3 7 8
6 10 50
3 10 38
1 5 51
11 8 49
4 8 20
3 2 39
1 3 30
11 6 52
8 6 49
6 7 58
5 2 23
2 8 56
5 9 42
4 11 46
3 11 60
2 4 29
12 33
10
3
9
12
12
5
1
8
14
11
1
10
8 1 39
1 6 52
6 3 40
3 9 39
6 5 14
5 4 13
3 11 32
5 10 34
5 0 32
4 2 7
3 7 7
3 2 50
6 4 44
9 2 34
1 2 28
10 9 45
7 4 39
10 6 35
4 1 48
6 11 37
11 5 15
11 4 10
3 5 15
1 9 55
0 3 15
0 7 22
3 1 30
7 1 18
4 10 19
11 10 51
10 8 59
3 10 15
9 4 25
14 45
15
9
15
20
16
11
12
15
20
2
14
14
6
12
12 0 33
0 13 12
13 3 26
12 7 30
7 2 19
3 1 22
7 4 28
4 10 13
10 5 57
12 9 15
2 8 31
8 6 23
10 11 13
8 10 31
9 5 16
13 1 58
3 10 53
11 4 37
2 12 11
8 13 44
9 8 40
8 5 1
0 7 31
7 5 11
1 10 4
5 6 19
2 11 11
6 3 23
11 13 41
2 13 34
0 8 22
11 9 19
2 6 23
5 11 41
12 5 28
13 6 39
13 12 8
7 13 4
11 12 38
6 12 38
8 11 20
8 1 50
6 1 57
2 1 52
10 6 38
14 45
10
7
20
3
16
6
18
4
3
8
9
14
2
16
11 1 52
1 3 52
3 7 31
7 10 1
11 4 31
4 13 36
10 6 38
6 0 45
0 12 37
1 2 40
12 8 32
7 5 38
8 9 17
4 8 18
8 3 32
2 13 6
2 6 12
8 1 1
0 3 32
12 9 19
5 1 22
10 12 52
13 5 10
0 9 13
0 8 4
0 10 52
2 12 26
5 2 58
6 8 57
2 11 5
4 3 10
1 4 11
13 1 7
1 10 41
12 5 11
9 6 10
13 3 8
11 10 16
4 12 9
6 4 34
12 7 27
11 0 36
11 13 29
0 2 27
7 1 39
14 45
10
3
13
17
7
20
10
14
6
19
2
13
5
10
1 2 46
2 13 23
13 4 22
4 5 45
5 6 39
13 0 29
5 7 20
7 12 22
12 10 34
7 11 6
10 9 13
9 8 30
13 3 27
9 2 58
0 9 5
4 7 15
3 10 32
0 10 47
13 7 40
2 12 26
0 12 14
9 12 33
5 13 28
6 10 42
6 12 43
10 4 59
2 7 23
4 11 52
8 13 50
5 0 22
0 7 49
0 6 55
0 3 12
8 0 12
1 7 22
13 11 34
13 12 59
11 12 24
10 11 11
2 0 55
2 11 32
4 2 18
3 12 16
12 4 2
4 3 49
14 45
4
11
4
13
6
15
8
20
15
4
4
4
16
13
10 3 56
3 1 16
1 13 8
13 8 56
8 2 47
13 11 26
3 12 8
12 9 59
3 7 40
7 0 36
0 4 25
8 5 37
0 6 49
11 3 37
11 8 17
13 9 34
1 10 18
13 5 58
4 2 49
10 2 16
7 4 44
9 2 57
11 9 59
1 8 1
0 2 54
7 13 60
1 9 37
0 12 31
10 0 3
13 4 43
0 3 20
4 5 35
4 10 8
6 5 57
5 7 30
4 11 31
11 10 49
1 12 54
10 7 14
0 8 58
3 13 44
6 12 30
9 8 50
7 6 44
10 8 54
14 45
1
10
15
10
1
12
11
19
12
3
7
3
16
19
1 8 20
8 4 46
4 2 36
8 10 34
10 3 12
3 7 6
1 13 42
13 12 35
2 5 5
7 11 49
5 9 41
1 0 7
11 6 37
0 4 29
11 10 17
10 1 35
3 8 8
9 13 9
4 7 4
5 12 4
7 2 34
3 13 29
6 1 29
11 5 45
11 8 4
10 9 10
7 1 26
5 3 32
10 7 39
13 7 10
12 1 28
0 5 58
2 3 36
13 4 34
11 4 23
3 9 44
4 10 36
3 11 42
10 12 25
2 8 43
5 10 33
7 8 21
2 9 7
1 5 50
0 9 4
14 45
18
15
20
2
18
4
5
10
3
17
7
10
11
18
4 13 31
13 11 36
11 6 9
6 5 55
5 7 24
5 2 40
13 1 60
7 3 41
3 9 39
13 8 57
5 12 46
12 10 59
11 0 34
1 6 13
5 8 31
1 11 44
6 10 52
7 12 5
1 7 56
3 5 48
11 4 60
2 13 38
3 6 35
8 7 5
2 4 9
2 8 53
11 3 42
10 4 44
10 11 23
7 2 31
0 4 27
2 9 51
11 7 23
9 4 4
0 1 58
2 1 39
0 9 39
3 2 38
13 10 54
4 8 28
8 10 26
6 2 50
12 4 55
0 7 3
8 0 26
14 45
5
5
5
20
4
1
1
8
3
15
3
13
19
20
8 7 54
7 5 15
5 0 53
8 3 5
3 12 19
3 2 60
2 13 38
3 9 37
8 11 44
11 10 56
0 1 45
9 6 9
5 4 55
1 9 50
8 1 7
8 4 9
13 8 44
4 12 35
13 5 11
13 10 48
4 1 17
7 4 36
10 2 38
4 6 4
13 9 12
2 9 4
4 2 46
3 10 47
0 3 23
12 7 23
10 5 56
12 8 47
13 4 21
2 6 25
0 9 21
8 2 7
3 5 36
7 0 48
12 0 46
13 7 50
1 13 5
6 3 2
0 4 56
11 13 51
6 13 54
14 45
7
17
9
13
13
19
14
5
16
12
6
20
16
11
3 9 43
9 8 15
8 5 18
9 13 12
13 7 50
3 1 29
3 12 16
1 6 34
8 4 14
4 2 20
12 0 17
0 10 56
4 11 42
6 7 55
2 9 57
13 11 37
11 3 2
1 9 41
1 11 33
1 13 10
4 5 43
8 3 57
7 9 28
0 4 25
11 5 50
1 10 52
13 12 49
11 6 46
3 2 19
2 13 31
5 0 28
0 3 12
9 11 38
4 6 51
1 4 26
1 8 53
3 6 13
10 12 21
1 5 55
2 10 19
13 6 49
1 2 57
2 8 59
10 7 60
4 12 58
14 45
10
6
3
17
19
6
17
12
14
10
16
7
18
13
7 0 49
0 2 27
2 11 16
11 10 32
7 4 50
4 12 20
0 6 18
6 8 7
8 9 14
8 13 23
11 5 9
9 3 52
2 1 46
9 1 16
10 6 3
4 9 56
8 10 32
10 1 58
8 1 47
13 11 60
3 5 53
7 13 17
8 7 57
2 10 25
3 12 30
6 7 10
13 10 18
8 5 27
13 2 25
13 1 37
9 11 53
0 13 24
13 4 25
0 11 55
9 5 30
1 11 32
6 5 26
4 8 5
6 3 34
10 5 60
6 4 31
0 8 54
1 0 45
11 8 25
9 13 42
14 45
3
19
15
14
4
2
13
17
12
20
15
13
7
7
4 6 44
6 11 12
11 10 34
4 7 24
7 12 58
12 9 10
9 5 52
5 2 29
4 8 19
9 1 4
12 0 16
10 13 1
1 3 37
12 5 37
0 3 14
5 3 26
13 6 5
0 2 19
1 10 19
2 8 60
5 13 25
4 0 45
10 3 13
7 11 54
0 8 6
13 3 11
4 13 3
1 4 58
7 10 1
9 0 34
6 7 15
4 2 49
0 7 6
0 1 13
9 8 11
5 4 48
9 6 54
12 2 20
13 8 30
4 11 26
2 9 40
11 3 9
2 7 26
13 0 46
7 1 34
16 60
10
12
9
12
16
7
6
17
8
19
12
14
4
3
1
8
5 10 57
10 7 53
7 4 25
4 9 55
9 6 37
6 2 21
5 11 14
4 3 35
3 1 45
6 14 44
5 15 21
6 13 57
4 12 41
15 0 50
4 8 42
5 7 16
10 8 52
13 8 31
7 12 11
7 9 18
5 4 10
14 15 17
5 9 50
15 8 14
7 0 39
2 4 50
7 2 24
11 12 48
3 0 50
2 15 33
11 8 55
1 2 55
14 12 21
7 3 4
5 2 42
7 6 12
4 10 52
13 11 45
8 14 7
3 15 42
10 9 4
1 12 10
2 11 27
14 0 34
10 0 60
4 14 3
2 10 18
6 3 28
2 0 58
8 5 48
5 3 34
11 15 59
5 0 48
2 9 2
15 10 11
6 12 20
13 9 3
3 12 36
6 0 59
1 10 22
16 60
19
12
9
20
6
6
2
4
6
18
2
20
17
10
20
19
15 13 6
13 10 18
15 3 9
10 4 11
4 6 20
6 14 30
14 12 55
12 2 18
2 8 17
12 0 43
0 9 36
12 5 5
2 11 30
13 7 10
4 1 46
2 5 23
3 12 22
14 0 8
5 3 48
4 3 1
10 0 24
3 2 8
7 12 46
1 3 21
13 12 45
11 15 47
0 4 2
4 15 3
6 11 54
7 8 24
0 5 31
1 13 33
4 5 59
11 14 54
13 5 6
3 14 13
14 7 31
13 8 28
10 1 54
8 14 11
14 15 60
5 6 24
2 9 15
13 9 59
11 3 57
15 9 14
9 4 56
1 0 28
8 12 10
13 3 30
9 6 15
14 5 21
13 14 58
15 8 15
3 9 38
4 7 34
13 2 6
12 6 48
0 6 5
11 10 58
16 60
14
2
4
3
17
19
19
5
19
2
8
8
10
4
9
14
2 14 58
14 5 13
5 1 2
1 7 59
5 0 31
1 13 30
13 8 60
0 12 31
14 15 53
7 3 16
12 10 17
13 6 59
12 9 51
3 11 24
5 4 22
1 10 32
9 13 7
14 7 45
7 11 16
9 4 32
6 12 33
4 3 5
0 15 23
13 12 3
10 8 24
1 9 54
15 1 8
7 8 22
7 9 18
1 2 3
10 0 52
4 2 20
0 3 4
13 11 4
4 8 31
14 9 29
7 13 56
9 0 55
8 9 25
3 8 31
3 9 28
7 15 53
11 5 19
2 12 28
1 0 33
11 12 57
12 8 41
6 10 43
11 15 11
0 6 50
11 10 57
4 6 54
4 0 25
5 9 42
9 2 59
1 8 23
0 8 44
5 3 48
6 11 44
13 3 11
16 60
8
16
13
6
10
14
14
12
6
1
4
18
12
10
7
9
5 1 45
1 3 38
3 13 4
13 10 11
10 14 53
10 7 35
7 0 5
0 11 30
11 4 2
4 9 23
9 6 50
7 15 5
15 2 17
11 8 50
3 12 13
7 4 4
9 1 49
1 11 18
5 0 42
2 3 38
2 9 7
5 10 44
8 10 28
12 2 50
0 12 2
6 0 31
0 2 30
12 1 50
3 4 48
14 1 21
13 12 32
15 4 4
10 6 53
12 8 22
6 7 54
12 7 41
11 9 20
7 2 53
10 2 44
10 4 4
6 1 16
3 11 34
10 12 17
4 13 24
5 13 41
5 15 8
13 15 8
2 5 34
14 6 53
9 3 3
1 2 41
7 13 57
5 14 47
1 7 44
0 1 36
9 13 22
13 0 16
5 6 46
9 10 24
6 13 21
16 60
10
16
4
18
2
13
14
18
15
7
10
7
4
15
10
19
14 11 7
11 3 25
3 12 19
12 13 6
13 15 41
11 5 4
5 9 42
9 8 14
11 7 27
7 4 34
8 2 55
2 1 36
9 10 57
4 0 39
14 6 58
1 12 43
1 9 35
2 14 56
10 7 14
8 15 50
3 8 33
8 11 43
0 3 20
5 6 57
15 14 10
0 13 23
6 2 13
10 14 16
4 8 42
7 12 52
6 0 32
12 10 46
3 5 52
3 1 25
12 14 1
10 1 54
2 4 25
1 5 9
8 12 36
0 2 9
3 14 35
0 1 51
9 15 42
3 13 29
5 4 41
4 6 19
12 9 20
11 1 34
14 7 3
12 2 15
5 7 34
8 6 46
12 11 29
7 3 21
9 3 44
14 0 1
8 0 53
0 11 44
2 13 31
2 3 7
16 60
2
5
20
10
10
6
6
5
13
1
11
15
8
18
12
14
11 12 42
12 7 54
7 3 28
3 6 58
6 13 43
13 9 29
9 0 46
7 14 25
14 2 52
6 1 54
1 5 36
5 8 5
8 10 13
6 4 23
7 15 43
13 12 28
12 15 33
2 6 8
4 9 51
4 15 60
8 6 19
2 10 34
11 1 27
9 14 1
5 12 34
0 2 1
15 13 48
11 15 60
1 0 33
1 12 54
2 8 16
3 2 36
4 7 15
5 3 41
4 5 33
1 4 46
3 4 52
5 6 52
1 3 22
15 8 31
15 0 31
5 2 11
5 7 43
0 13 56
2 4 9
15 2 15
15 14 20
4 0 10
7 13 38
5 13 8
6 10 51
9 1 59
14 1 12
0 7 30
0 11 33
11 14 8
3 9 29
11 6 23
4 13 50
11 8 33
16 60
6
19
3
16
19
7
3
12
15
19
1
9
15
3
1
16
14 15 29
15 1 30
1 4 55
4 8 29
8 3 5
3 12 21
12 7 44
7 5 59
3 0 30
0 2 31
2 13 45
8 6 34
7 11 47
11 9 42
9 10 55
0 1 45
6 15 54
2 1 2
12 10 15
6 14 27
6 11 20
8 5 20
6 7 20
1 8 13
12 5 44
15 9 47
10 4 35
12 15 43
6 5 29
12 0 32
0 8 38
3 2 16
12 1 28
13 1 36
12 13 60
9 4 51
3 4 42
15 11 46
8 9 40
7 3 14
5 4 30
11 5 24
9 14 40
8 15 52
12 9 22
4 11 32
13 3 16
11 13 44
0 15 51
13 6 51
10 13 7
3 14 15
5 2 53
9 2 16
2 11 49
11 3 1
15 10 16
1 3 21
0 10 22
4 14 15
16 60
6
11
20
6
9
7
15
7
2
1
2
12
10
19
3
7
5 7 55
7 8 55
8 14 29
7 1 14
1 10 5
10 9 5
7 0 20
14 11 32
8 2 59
2 3 13
3 15 47
15 6 22
7 12 29
15 4 40
8 13 27
0 9 44
13 10 56
9 5 13
7 10 50
8 6 8
3 1 17
5 12 34
14 10 21
14 15 18
15 13 53
6 4 18
7 4 18
11 1 18
15 1 28
10 3 9
1 5 24
13 4 59
9 6 40
9 15 60
8 11 42
5 8 40
8 4 2
13 12 2
3 8 46
9 1 11
6 13 49
4 14 32
4 1 44
1 0 9
10 6 55
12 6 36
11 15 46
3 9 46
12 14 22
12 0 58
11 6 51
4 11 58
2 6 40
13 5 35
14 0 1
9 4 42
0 3 13
10 11 38
12 15 7
2 14 15
16 60
7
2
11
4
14
11
7
15
9
2
7
16
20
13
6
13
3 14 31
14 11 37
3 15 59
15 2 2
2 5 5
5 4 19
4 1 2
1 0 23
15 7 57
7 10 20
10 8 41
8 9 58
14 12 17
12 13 22
13 6 24
3 11 16
5 13 59
11 8 56
9 10 53
15 1 22
6 0 27
13 0 28
7 5 10
10 12 20
9 0 42
0 5 27
0 2 17
9 1 57
8 14 16
5 1 24
0 15 47
8 4 33
8 3 54
11 4 23
9 7 2
6 4 38
14 5 56
1 8 23
4 10 10
1 7 45
7 12 22
4 2 48
14 10 13
7 0 54
0 10 17
6 8 16
15 10 3
7 8 47
11 15 7
12 15 49
12 4 38
13 10 18
1 14 45
1 10 58
8 2 51
3 0 55
2 10 24
12 9 12
12 11 32
0 8 35
16 60
17
19
12
1
10
6
19
16
15
7
5
7
16
13
7
19
7 12 34
12 0 33
0 8 9
8 11 41
12 4 56
12 13 27
13 3 19
12 15 51
4 1 4
11 2 24
12 10 35
11 6 31
4 5 58
12 9 25
6 14 58
14 0 17
11 12 39
11 15 5
11 3 15
2 12 20
10 15 10
5 14 14
13 11 41
3 15 31
0 5 8
1 11 25
4 3 35
15 2 9
14 10 34
7 3 48
6 10 47
11 10 36
1 2 33
14 3 37
13 15 16
7 11 46
14 4 32
15 1 16
9 14 53
1 8 53
12 3 30
15 0 10
12 14 26
6 8 36
4 11 33
7 14 35
0 3 33
4 8 55
1 7 9
2 3 37
14 2 27
7 13 59
9 1 6
8 13 59
4 10 26
10 7 9
12 6 38
10 9 58
6 9 31
3 1 60
18 76
1
8
8
18
11
7
16
19
9
5
20
2
2
5
6
16
19
19
10 8 48
8 12 55
12 6 39
6 14 6
14 3 16
3 15 3
15 5 35
5 17 37
17 7 43
14 9 36
9 16 20
16 13 57
7 4 1
4 11 28
11 0 1
5 2 11
2 1 22
16 5 9
15 0 2
4 9 38
5 13 50
15 1 16
13 10 42
9 10 37
2 12 57
9 13 14
7 14 23
4 17 54
13 1 31
0 16 14
10 1 42
12 5 39
15 4 29
13 11 44
9 6 10
15 13 41
12 17 29
7 1 47
9 12 41
9 1 41
10 4 22
5 8 4
3 9 60
11 15 51
8 3 52
6 10 32
3 2 9
1 11 21
11 5 24
12 10 4
15 7 19
17 8 37
15 10 32
15 6 55
8 9 13
12 11 5
3 0 12
15 2 1
13 0 12
7 13 45
14 4 12
1 3 20
7 8 22
1 17 44
16 11 16
0 14 57
3 5 2
6 1 43
11 6 11
14 15 36
5 0 15
9 7 53
3 11 22
8 4 14
2 10 4
4 2 11
18 76
6
3
20
4
20
13
4
15
13
6
1
4
3
10
8
16
18
9
9 13 4
13 8 47
8 7 2
7 0 25
0 2 54
2 14 44
0 5 51
9 17 14
8 11 5
7 6 4
6 4 50
14 3 35
7 10 36
2 1 23
2 12 11
14 16 38
12 15 56
2 7 51
9 8 37
8 14 33
13 14 47
4 3 33
4 1 26
16 10 13
11 5 7
1 3 8
6 3 30
6 5 18
1 15 46
0 1 21
17 16 28
12 9 8
3 12 23
7 4 60
4 14 52
9 11 44
0 3 58
17 6 7
13 1 27
15 6 34
0 8 2
6 2 18
5 4 23
5 8 19
3 13 18
10 5 35
15 9 36
12 11 11
4 8 26
1 17 43
15 8 48
7 17 15
7 16 42
17 5 31
16 15 51
3 7 27
4 17 16
3 17 12
4 13 50
7 1 13
3 16 56
11 16 22
6 13 20
12 14 35
17 0 53
2 11 37
10 4 26
5 14 34
0 9 33
6 9 47
9 1 18
7 9 18
1 12 41
12 17 37
8 12 24
3 5 40
18 76
4
18
18
7
7
12
14
14
17
8
5
14
18
7
4
3
6
5
1 3 21
3 16 4
16 4 32
4 5 46
5 17 16
3 12 43
12 10 19
16 13 24
13 0 12
0 6 54
16 9 49
0 7 58
5 8 17
8 15 10
10 2 22
2 14 15
1 11 6
12 8 52
11 9 10
6 3 25
0 15 27
5 3 31
6 12 15
15 12 33
10 1 40
10 4 32
11 14 36
11 12 16
11 5 37
10 15 24
13 10 23
5 13 34
15 6 60
5 14 35
0 9 30
14 7 38
10 3 23
12 0 22
13 12 11
8 6 35
6 7 19
4 7 32
10 17 2
7 17 10
7 9 32
4 11 37
9 10 40
1 14 58
1 9 36
4 9 37
13 3 31
7 5 19
17 2 49
11 0 31
17 8 18
1 16 34
4 12 53
7 13 2
15 4 34
17 4 29
7 10 59
2 11 42
11 7 36
9 8 40
17 13 13
1 12 39
0 2 15
12 2 9
10 14 31
6 16 42
3 17 24
7 8 41
6 5 42
12 16 2
9 14 46
17 0 10
18 76
14
20
7
12
14
9
12
5
14
15
3
19
10
11
16
11
6
4
1 17 39
17 13 51
13 9 46
9 14 46
14 8 45
8 0 48
17 3 57
3 2 22
2 6 57
6 12 37
6 4 3
4 16 23
12 5 20
9 7 31
2 11 29
11 10 35
2 15 34
4 8 32
2 10 8
6 7 54
3 7 33
14 4 16
0 2 40
1 4 7
5 1 14
17 16 27
9 4 5
6 17 2
0 10 28
1 3 18
14 17 17
3 10 35
5 17 1
13 8 9
1 15 24
4 17 6
15 12 27
1 12 56
1 6 12
9 1 26
8 7 15
8 15 56
8 16 30
13 2 24
0 11 17
16 10 15
13 11 38
6 13 43
13 15 35
11 9 57
15 16 30
13 16 27
6 15 17
11 12 52
10 14 33
2 9 1
12 0 3
5 7 50
3 11 9
7 12 60
10 17 1
11 16 35
14 6 6
8 9 14
17 12 29
14 3 52
9 5 27
8 2 37
7 2 14
12 9 52
10 1 29
9 0 46
0 3 12
0 6 56
7 4 16
6 9 32
18 76
17
20
17
7
6
9
13
10
17
17
10
6
8
3
20
20
10
8
12 3 45
3 16 26
16 2 42
2 5 40
12 9 18
12 10 45
2 13 28
13 1 15
2 8 31
8 7 23
7 4 1
7 15 52
15 0 20
10 6 17
13 17 41
5 11 11
13 14 18
9 5 52
10 7 28
10 17 59
13 12 26
5 17 21
16 17 5
16 0 36
9 16 59
16 6 54
5 8 51
14 15 45
14 2 50
14 16 4
11 2 46
14 9 49
10 9 41
14 12 42
6 15 28
6 4 33
4 1 45
6 17 29
2 12 49
5 7 23
0 17 47
1 11 45
10 3 53
1 12 41
13 11 3
0 5 40
13 10 10
0 7 4
10 15 21
7 2 7
7 13 30
1 2 16
3 14 43
6 7 11
7 14 30
16 15 22
0 9 13
4 13 11
10 2 4
16 12 59
8 3 42
3 5 56
3 7 8
13 0 50
4 11 23
15 13 41
0 10 56
8 15 45
6 13 40
5 1 3
3 0 6
4 9 33
17 9 7
4 10 19
3 9 28
16 11 30
18 76
12
9
14
13
12
10
19
13
6
12
5
18
20
12
13
15
18
14
2 7 55
7 4 1
4 15 39
4 3 58
3 9 49
9 17 55
4 6 58
15 14 44
15 13 12
9 10 11
7 0 32
0 8 41
8 11 14
7 5 42
11 12 41
4 1 35
14 16 10
1 15 44
1 8 26
10 3 6
10 8 27
14 11 54
16 4 1
1 2 44
15 17 47
4 12 29
3 0 60
8 15 38
5 8 25
4 0 25
1 6 5
2 8 21
5 0 6
15 9 25
14 3 57
4 13 14
15 6 49
9 6 20
14 2 49
7 14 3
0 14 9
12 9 10
6 3 2
0 13 10
15 12 38
3 1 39
6 11 6
17 6 21
12 8 59
2 17 11
6 0 23
1 12 18
9 2 57
13 2 24
12 16 42
17 12 28
17 7 60
6 7 19
9 11 30
5 3 30
14 4 23
4 5 39
4 10 36
17 11 39
17 14 40
0 16 16
7 12 40
17 16 36
1 9 49
12 14 52
11 15 6
5 11 50
10 14 40
4 2 37
2 11 50
14 9 47
18 76
12
8
16
7
8
7
18
11
2
19
4
15
4
1
12
18
14
16
6 7 50
7 0 21
0 17 44
6 4 1
4 10 51
7 12 30
12 14 36
14 5 60
5 13 35
13 11 8
10 16 29
16 2 9
6 3 34
13 1 24
11 9 34
9 15 20
15 8 24
4 17 32
6 11 60
2 9 31
7 1 51
13 3 34
16 11 53
9 16 21
0 11 7
17 2 1
12 5 5
16 4 21
15 5 58
12 4 29
13 0 11
16 12 23
3 4 55
3 17 19
2 11 52
5 0 10
9 8 19
2 6 8
4 15 26
2 13 42
1 2 58
17 16 54
11 1 53
14 16 24
15 0 55
2 7 21
17 9 56
6 17 5
10 3 3
8 16 12
6 13 12
1 4 38
5 7 17
9 4 54
3 0 55
4 14 43
6 12 18
12 10 18
12 8 52
15 12 41
14 10 52
3 2 52
16 0 48
14 8 1
15 6 10
9 10 10
16 5 54
6 10 19
12 17 4
5 11 19
10 2 56
9 0 5
15 16 32
5 6 33
8 6 46
17 10 38
18 76
8
13
9
8
17
8
9
11
20
20
14
18
16
9
8
1
12
4
17 14 55
14 9 42
9 5 58
5 0 17
0 6 20
6 7 58
7 16 48
16 13 45
13 4 33
0 1 5
1 10 51
14 2 40
10 12 52
12 11 3
14 15 50
11 8 6
0 3 18
10 3 55
14 5 19
6 17 21
6 8 15
0 14 11
6 1 49
5 2 52
14 8 21
7 2 33
11 5 13
0 9 2
8 7 53
3 8 19
6 14 43
7 13 59
12 7 53
10 4 27
14 1 55
12 8 54
13 11 33
17 9 13
8 2 36
1 11 26
15 0 47
7 11 29
6 4 15
9 2 37
9 3 14
16 2 2
12 1 32
4 1 41
16 17 20
0 2 23
10 5 13
4 3 19
11 10 31
11 4 8
13 8 37
15 8 36
12 0 55
2 13 8
15 7 49
2 4 42
0 10 42
3 5 33
7 1 59
17 13 16
4 5 60
17 10 7
0 4 51
10 8 14
3 1 27
14 16 15
1 13 12
16 15 21
1 15 19
14 4 1
11 3 42
4 17 18
18 76
14
11
13
4
5
3
12
12
20
11
18
5
13
10
7
9
14
2
1 11 31
11 2 10
2 14 57
14 0 27
11 13 44
2 16 10
16 4 18
16 6 30
6 5 27
5 15 51
15 12 23
12 10 6
16 8 7
8 17 44
2 9 46
5 7 43
14 3 27
12 3 23
14 15 14
5 2 50
17 0 1
5 1 4
9 13 56
0 9 39
17 7 50
5 16 56
10 17 9
6 0 34
11 14 55
4 6 47
16 1 12
6 9 27
3 7 57
9 7 55
15 16 38
13 3 14
0 16 33
0 13 29
14 8 51
0 1 49
10 6 6
8 15 25
4 14 43
8 0 59
5 8 37
7 14 9
17 3 4
8 11 52
5 0 36
16 9 57
12 7 11
14 1 48
0 11 32
2 15 4
4 13 6
1 9 43
0 2 6
17 5 1
12 16 53
7 6 45
5 9 56
5 4 24
10 16 31
2 8 51
7 13 4
12 13 58
4 2 47
15 4 30
7 11 23
15 17 36
8 6 20
14 9 9
8 7 2
16 7 54
13 17 42
9 11 41
18 76
10
7
7
14
2
7
6
20
17
13
17
11
1
16
8
15
6
16
5 16 21
16 6 2
16 1 16
1 9 11
9 17 48
17 11 14
17 13 28
17 15 50
15 4 29
4 14 1
1 10 44
9 12 48
17 8 9
13 2 39
15 0 18
10 3 46
11 7 20
2 9 40
14 3 21
15 1 54
17 12 34
14 10 15
17 0 54
14 0 38
17 7 9
17 5 45
9 4 27
5 1 48
4 2 32
17 6 21
17 14 28
11 8 22
13 1 36
7 8 55
16 4 37
10 0 1
6 2 23
8 1 11
1 6 30
12 5 2
10 6 49
0 5 59
7 16 51
8 13 41
8 16 43
10 17 29
6 14 23
4 1 23
16 10 25
3 9 41
11 3 25
1 17 8
13 0 32
11 0 25
4 6 22
14 8 4
15 9 60
11 14 31
15 13 55
6 0 26
9 5 32
11 1 60
17 3 3
2 11 26
3 6 11
7 1 54
3 15 30
5 4 7
10 9 13
3 2 11
9 14 21
8 10 27
13 12 25
11 12 7
8 2 22
7 2 27
20 95
3
3
5
8
7
8
13
10
16
15
18
9
11
11
10
14
2
20
3
11
15 2 16
2 16 33
16 19 39
19 8 29
8 14 49
15 10 14
10 9 49
9 7 25
7 12 41
12 11 28
11 13 35
13 1 59
1 4 48
12 6 45
12 0 52
0 18 29
15 3 11
4 17 42
6 5 50
19 10 37
17 0 50
13 14 8
14 12 32
0 19 60
8 17 54
14 6 10
7 11 33
13 15 17
8 11 34
3 12 7
6 11 36
13 4 28
2 9 19
17 11 57
11 16 27
16 14 17
16 6 10
15 19 38
16 15 4
15 11 58
10 5 10
5 7 55
9 13 20
5 15 8
8 1 7
19 3 5
10 12 16
8 4 27
5 18 47
17 6 22
0 6 56
12 19 36
7 3 53
13 10 34
11 10 22
15 9 51
11 14 50
17 9 7
13 3 55
12 17 23
11 18 53
8 13 48
17 19 47
5 3 47
4 18 18
9 5 51
11 2 46
15 6 26
2 14 30
2 13 26
4 12 20
14 0 58
5 0 52
12 9 53
2 3 41
2 6 14
16 5 52
11 0 53
1 7 20
1 6 57
7 6 15
10 6 11
10 7 45
5 17 53
1 11 7
16 4 19
17 13 49
4 7 44
19 5 52
2 17 37
18 8 20
8 9 17
1 16 49
0 10 18
2 4 2
20 95
10
14
10
10
3
6
9
7
5
20
12
12
6
9
18
8
18
8
13
7
13 3 55
3 14 28
14 5 34
5 12 55
14 8 41
8 2 38
2 4 50
4 11 46
11 6 37
5 9 22
9 7 10
7 17 17
3 19 22
8 18 57
18 15 39
6 0 7
9 16 42
16 10 60
8 1 47
5 13 20
7 0 57
19 5 41
4 9 12
11 12 10
14 18 11
16 1 21
19 18 30
13 17 35
5 10 40
16 2 43
13 0 28
4 17 49
6 1 13
9 10 18
3 11 52
1 4 20
19 7 23
2 18 7
4 8 8
14 13 56
19 1 21
16 5 13
6 5 31
4 15 35
3 16 53
14 19 38
13 7 24
3 2 30
18 11 21
0 10 54
18 3 45
18 0 12
17 2 13
6 18 15
19 12 58
4 0 40
14 4 34
0 9 46
12 1 30
12 18 37
9 17 46
10 18 50
14 6 25
10 3 46
12 8 21
1 15 38
1 9 41
7 12 19
13 4 55
6 16 5
7 15 8
6 10 57
3 4 50
14 11 57
7 1 4
14 9 45
4 19 38
6 8 4
16 8 45
15 8 11
19 2 24
12 13 52
2 0 31
19 9 43
19 6 29
5 17 49
5 15 38
17 16 14
17 0 37
7 14 43
15 13 55
13 9 3
7 3 25
8 11 10
3 6 10
20 95
10
16
20
15
11
18
13
3
12
14
6
5
19
10
5
1
3
7
13
4
12 4 19
4 11 21
11 16 55
16 8 27
11 2 44
12 9 6
9 7 1
7 19 42
9 10 15
10 17 57
4 14 2
14 1 10
19 6 37
11 15 25
15 0 24
16 13 46
17 18 28
4 3 31
11 5 42
5 8 16
5 15 60
7 3 53
10 8 60
3 18 40
10 6 15
16 1 6
14 12 18
17 15 34
12 8 52
14 3 23
12 2 47
17 0 2
3 10 6
7 14 2
1 15 19
17 9 22
4 9 47
19 0 57
12 17 19
1 12 4
13 18 49
15 18 42
12 5 35
8 19 37
1 2 6
9 15 8
3 0 9
4 6 38
3 6 14
2 17 59
7 16 29
1 6 34
4 13 6
5 0 6
14 19 42
1 18 56
12 6 30
15 3 26
10 12 28
17 8 16
14 0 9
17 1 45
13 12 45
11 8 13
12 7 30
19 1 56
15 13 28
13 3 13
8 14 24
11 10 41
18 7 21
19 2 42
7 10 23
15 14 26
12 15 56
11 1 17
18 14 31
18 9 3
12 11 35
5 16 57
7 17 48
8 9 30
14 6 17
15 19 11
2 15 50
14 5 59
16 19 54
9 0 6
12 18 51
2 3 56
2 14 21
2 16 33
4 5 12
2 8 39
4 2 29
20 95
3
3
14
9
18
18
8
20
15
6
10
12
15
5
14
3
14
5
4
6
2 12 44
2 8 46
8 4 27
4 13 27
13 7 52
7 10 43
10 17 20
17 0 43
0 1 58
10 5 51
10 18 10
18 6 2
6 16 44
16 9 5
9 11 53
1 15 47
15 19 18
17 14 37
14 3 36
18 9 31
12 10 59
9 7 33
9 2 9
12 14 47
16 0 59
8 18 57
8 13 40
15 0 17
13 0 56
9 0 1
1 17 13
16 2 60
18 5 30
6 2 49
8 0 46
4 2 40
10 3 58
4 17 50
19 9 56
15 7 27
19 1 41
11 3 22
16 12 12
8 14 10
16 3 54
15 8 52
15 18 4
2 11 25
12 18 58
19 16 22
19 5 49
6 14 11
10 19 23
16 18 29
19 0 46
8 6 12
13 15 51
18 13 22
2 18 59
12 19 45
3 9 34
4 7 26
12 0 58
11 12 2
2 7 31
15 4 15
7 3 60
7 18 24
19 2 38
13 2 2
19 4 26
4 0 51
6 12 42
9 17 7
1 16 19
15 14 54
9 10 8
2 15 15
10 8 40
5 9 54
10 13 15
16 17 56
9 4 45
1 8 27
6 17 28
6 11 18
6 1 56
7 1 4
15 17 41
11 19 5
17 2 17
18 0 29
10 14 13
14 1 28
6 4 28
20 95
10
10
8
6
20
10
18
15
6
10
18
14
9
11
14
2
17
12
18
1
14 4 29
4 12 38
12 3 46
3 10 55
10 11 60
11 7 18
7 17 28
17 13 3
17 8 9
8 15 27
8 19 59
8 16 53
3 5 41
11 0 57
0 2 25
3 18 28
13 6 30
6 9 3
9 1 52
13 15 28
13 16 41
5 11 54
3 2 44
12 17 50
9 18 9
13 1 32
15 6 27
12 11 54
2 18 35
9 16 16
9 5 20
1 12 21
4 13 21
8 2 19
3 11 19
18 0 43
15 0 35
14 5 12
12 10 3
19 13 10
10 6 15
6 4 41
11 18 42
12 18 7
11 8 37
4 15 45
15 18 36
13 9 30
16 15 26
16 6 12
9 4 26
4 18 18
4 8 42
1 18 33
7 4 57
17 16 16
7 3 42
9 17 1
11 9 1
14 0 48
4 0 30
18 17 40
10 15 35
2 6 52
3 1 10
5 10 39
5 2 14
0 1 60
18 19 8
8 13 33
5 19 50
9 10 57
12 9 23
5 17 30
17 2 24
2 1 19
6 3 49
14 3 57
19 6 28
10 1 2
9 15 33
17 11 20
18 6 48
19 16 20
9 2 17
14 13 21
5 4 22
8 14 19
7 2 46
1 15 18
17 15 25
19 14 39
5 1 43
4 16 38
13 0 32
20 95
2
9
19
1
14
13
3
12
10
18
6
18
10
2
14
8
9
7
11
8
2 17 44
17 0 24
2 6 2
2 14 60
14 3 16
0 8 38
8 18 58
18 1 59
1 12 47
12 13 7
14 11 49
11 16 50
16 7 1
0 5 60
1 15 48
15 4 12
1 9 41
2 19 31
11 10 36
7 19 19
11 1 41
9 2 52
4 0 22
1 2 57
11 13 15
5 15 24
0 16 52
10 15 40
3 9 43
0 13 36
0 15 19
9 6 20
4 3 9
18 15 40
12 5 4
1 7 24
6 10 17
9 12 18
5 16 15
18 13 13
2 13 31
12 17 42
17 10 60
7 18 37
16 13 21
9 13 24
4 2 47
0 9 46
10 13 44
0 2 53
5 18 22
15 17 49
1 8 47
14 16 37
9 8 7
1 13 13
19 11 51
7 13 41
2 18 30
5 3 49
9 18 15
5 14 56
3 16 25
17 7 52
12 6 26
8 12 22
6 11 42
19 13 42
5 17 5
19 8 43
19 1 14
2 7 26
0 3 43
8 5 8
11 8 59
9 14 41
19 10 23
13 8 55
10 7 50
17 6 45
9 17 36
4 18 52
19 18 48
12 11 1
15 16 45
1 16 27
5 9 1
3 7 9
15 8 53
16 4 4
17 4 55
11 17 53
13 15 50
3 10 4
12 18 42
20 95
20
19
8
15
13
16
14
4
7
4
19
12
11
9
20
12
19
8
7
19
2 5 18
2 14 40
14 19 59
19 0 36
0 12 35
12 9 19
19 10 4
10 3 39
3 15 22
15 7 51
15 18 43
19 1 47
12 8 27
12 11 41
8 17 8
17 6 49
5 16 36
6 4 37
18 13 25
1 9 22
19 12 32
0 18 17
3 11 1
8 0 25
9 2 53
16 13 21
10 8 35
6 18 46
14 3 10
15 2 25
11 16 8
19 15 36
5 9 46
4 15 22
16 1 58
13 19 53
0 9 47
11 7 18
19 8 54
19 7 55
5 3 34
2 3 17
16 9 42
12 5 2
11 19 27
0 3 52
6 14 2
0 4 9
14 18 57
19 5 48
4 1 32
16 6 8
7 8 49
13 4 40
10 4 8
10 2 6
8 13 21
19 2 6
1 12 12
9 3 23
11 14 3
7 6 7
8 4 44
15 14 39
16 4 42
17 13 10
17 5 24
5 18 24
11 9 38
4 14 19
16 19 14
7 0 15
1 7 18
5 1 49
9 13 29
10 6 42
12 13 28
6 15 46
0 10 55
19 3 42
4 17 29
1 18 39
15 10 16
10 12 41
3 4 17
7 17 53
7 3 12
5 4 16
2 18 43
2 7 21
6 8 15
16 14 21
9 14 20
17 12 41
13 1 35
20 95
10
11
14
8
15
6
1
4
2
4
8
11
20
12
14
18
11
9
17
9
8 0 59
0 12 14
12 9 24
9 16 21
16 15 46
15 19 12
16 13 46
13 3 6
3 17 53
17 11 45
11 18 40
18 14 19
14 4 50
9 10 58
13 6 56
16 1 25
1 7 59
15 5 41
1 2 23
3 6 3
9 3 13
17 16 2
6 18 26
7 15 35
17 19 25
7 17 32
16 18 10
2 14 15
15 9 17
14 0 11
1 18 16
10 0 28
16 5 10
5 1 17
9 13 34
7 10 43
14 5 49
18 7 11
0 3 30
10 4 51
13 15 7
5 6 19
14 17 20
1 3 19
8 15 57
6 19 2
6 1 33
9 7 28
11 14 10
10 17 36
18 13 14
11 7 12
0 5 35
14 16 1
12 16 17
11 5 57
7 8 6
7 2 22
9 5 39
16 0 46
8 11 30
1 13 1
12 5 12
15 0 47
2 4 24
17 2 50
8 10 19
10 12 16
18 0 50
8 3 32
19 1 17
4 7 30
4 15 6
6 10 35
9 2 31
18 17 13
8 6 26
12 13 21
13 7 26
18 4 12
17 12 4
5 7 6
11 0 30
3 10 23
17 0 60
2 18 60
17 6 47
12 8 49
8 16 57
8 18 22
7 0 49
11 19 30
16 19 45
4 5 25
9 4 54
20 95
17
5
10
14
10
1
5
17
17
18
17
5
10
8
20
10
2
6
9
10
9 6 52
6 11 52
9 8 51
8 13 18
13 0 30
8 19 36
9 17 25
17 5 43
5 4 44
4 1 58
17 2 40
0 3 22
9 15 17
3 12 49
11 16 56
1 14 60
13 7 32
11 10 44
9 18 47
18 6 5
14 15 22
9 7 41
8 11 15
10 13 42
15 13 17
16 19 24
8 16 15
1 16 8
16 0 49
9 16 40
4 19 22
5 7 29
9 14 25
14 18 3
8 0 44
5 8 7
11 1 32
17 4 58
5 12 26
17 11 43
17 15 48
5 11 33
19 9 16
19 13 49
12 14 45
19 7 32
11 12 3
19 11 56
12 2 2
18 1 53
15 19 20
1 19 11
3 2 59
10 8 56
18 3 60
15 0 4
9 10 56
2 11 42
18 0 51
5 13 42
7 10 16
16 7 28
0 4 25
19 3 56
18 10 40
19 2 16
2 9 21
9 0 20
5 9 32
7 18 28
17 10 30
15 10 41
14 10 54
6 14 48
13 17 1
16 12 32
5 10 19
8 1 40
0 5 59
19 18 1
17 1 40
1 15 27
10 6 11
10 19 43
10 12 32
9 3 55
7 2 18
15 6 44
16 14 7
5 6 25
4 3 8
13 6 30
7 8 28
2 13 51
4 14 25
20 95
9
5
3
1
13
6
20
17
16
16
12
19
16
16
8
15
9
7
18
13
11 18 44
18 13 34
13 17 8
17 16 20
13 15 31
15 3 52
3 7 60
7 12 8
12 1 42
18 10 21
10 4 22
3 19 23
19 8 27
8 5 26
11 9 18
16 6 59
15 2 54
4 0 47
17 14 47
18 8 36
15 18 24
4 6 8
2 14 31
18 9 56
17 6 5
17 18 26
7 2 47
17 2 19
11 1 59
15 11 49
10 2 38
4 19 42
11 19 28
5 14 52
1 9 21
10 3 10
7 11 48
0 5 37
4 9 28
10 6 44
8 17 10
7 15 8
18 12 42
1 19 15
5 9 17
18 4 12
12 17 46
1 2 46
16 10 34
15 0 16
0 9 21
14 13 60
13 16 46
7 13 35
16 12 54
4 3 46
3 9 30
13 6 8
13 11 59
19 13 39
5 18 12
14 15 60
4 12 43
8 16 56
8 4 32
15 16 10
2 16 40
9 13 20
0 17 60
19 7 57
17 11 49
3 8 3
10 13 3
10 1 58
12 0 18
11 8 56
14 1 14
3 11 20
6 11 18
17 1 59
3 13 26
1 3 4
15 5 13
14 11 29
15 9 1
16 14 11
5 11 28
14 19 5
8 14 10
1 8 55
15 6 56
2 12 38
6 0 43
3 0 7
2 3 2
