60
10 45
17
8
10
18
19
1
8
19
13
13
5 9 22
9 8 19
8 0 53
0 7 33
8 3 59
5 6 17
7 2 49
0 4 7
4 1 11
3 5 53
1 0 59
5 0 54
4 6 43
2 5 26
9 6 20
1 7 5
2 1 53
1 6 46
7 9 45
7 5 50
3 1 33
2 3 10
5 4 6
5 1 54
2 0 55
4 2 60
3 0 54
7 6 59
6 0 41
4 9 7
4 8 52
5 8 10
4 3 22
2 6 44
3 9 49
6 8 8
1 9 19
9 2 39
3 6 9
2 8 40
8 7 58
8 1 28
7 3 7
4 7 22
9 0 53
10 45
17
13
18
13
1
19
4
2
16
17
9 1 33
1 7 11
7 6 41
6 2 16
2 0 48
7 4 6
6 3 21
0 8 1
8 5 30
1 2 48
3 5 41
9 4 3
3 0 21
5 0 58
3 7 59
9 0 42
8 1 58
1 5 13
1 0 14
5 7 23
5 6 12
9 3 8
5 9 35
3 1 2
8 4 12
2 5 59
4 6 14
6 0 56
3 8 26
3 4 42
9 2 26
2 3 43
7 8 3
2 4 15
7 2 8
1 6 46
8 9 30
4 1 2
6 9 54
8 2 40
7 9 60
0 7 26
8 6 49
4 0 24
4 5 46
10 45
4
17
15
18
3
18
19
11
9
10
2 6 44
6 0 53
6 8 26
8 9 26
9 7 33
7 3 10
9 1 40
1 4 44
7 5 41
7 1 1
4 7 44
1 5 15
8 2 7
2 0 24
3 1 37
4 5 13
0 5 23
5 3 36
8 7 46
6 9 48
7 6 19
3 6 53
6 1 28
0 4 33
4 2 54
7 2 14
9 0 42
5 6 34
1 8 37
3 4 59
4 9 13
7 0 6
4 8 53
5 2 15
2 9 53
4 6 8
3 8 5
2 1 36
9 3 21
3 2 23
8 5 22
0 8 16
0 3 50
9 5 5
0 1 22
10 45
19
20
10
6
20
9
9
16
20
5
2 8 51
8 0 14
0 1 28
0 6 45
0 9 45
9 4 1
0 3 13
0 5 11
9 7 40
5 1 30
8 9 40
7 6 20
7 2 53
4 0 41
8 3 35
7 5 56
2 0 51
1 4 14
8 4 32
7 1 46
9 3 5
8 1 40
8 5 51
9 5 57
2 1 41
9 6 4
3 4 15
2 4 31
8 7 38
7 0 45
6 2 6
3 6 8
9 1 26
6 5 34
2 3 34
3 5 29
7 3 54
3 1 44
6 4 22
4 5 31
2 9 17
8 6 7
1 6 10
7 4 42
2 5 35
10 45
14
8
8
18
20
18
6
13
14
4
7 4 37
4 5 43
5 1 46
1 8 28
1 9 46
9 2 58
2 3 53
2 0 25
4 6 26
1 7 31
5 9 30
9 3 58
5 8 23
2 1 59
8 6 14
6 0 28
3 6 40
0 8 5
0 7 33
8 4 55
4 2 45
2 8 38
3 5 32
6 7 32
1 3 14
7 8 20
9 7 10
7 5 56
1 0 35
6 5 36
0 3 17
9 0 52
4 0 56
6 1 43
6 2 24
5 0 23
3 4 32
4 1 27
3 7 23
7 2 15
9 4 52
5 2 5
9 6 1
8 3 42
8 9 27
10 45
15
9
18
1
15
7
12
5
8
8
7 1 38
1 9 28
9 8 35
8 6 30
6 5 60
5 3 41
7 4 11
5 2 10
1 0 54
9 4 2
2 1 48
3 1 16
4 8 10
7 0 39
1 6 2
7 9 12
2 3 45
8 0 54
6 7 24
3 0 18
2 8 16
8 7 53
7 2 36
6 3 3
6 4 27
5 8 13
2 4 19
5 0 45
7 3 43
1 8 30
6 2 10
5 4 37
5 9 57
8 3 11
3 9 18
6 0 57
1 5 17
6 9 23
7 5 13
2 9 52
4 1 19
0 9 9
4 0 1
2 0 39
4 3 28
10 45
15
1
8
17
7
14
4
1
20
16
5 3 12
5 8 2
8 0 53
0 9 60
9 1 50
8 2 32
0 6 29
0 4 12
9 7 9
6 7 25
3 4 9
7 2 40
1 8 33
8 9 21
2 4 15
1 6 33
9 3 44
4 6 15
8 6 34
4 1 15
7 4 25
9 2 23
5 9 12
3 2 42
6 5 33
1 2 46
8 7 7
8 3 9
5 4 2
0 5 36
0 2 5
0 3 7
6 9 28
1 5 54
3 7 45
9 4 42
7 5 16
1 0 55
1 3 41
5 2 31
7 1 27
7 0 2
2 6 29
8 4 5
3 6 59
10 45
11
14
12
1
18
5
8
19
12
14
1 4 56
4 0 5
0 2 20
2 6 9
6 3 7
4 5 46
5 8 32
4 7 18
7 9 19
7 0 27
8 7 3
6 9 42
8 6 18
5 7 46
3 5 55
1 3 42
2 8 19
2 4 18
9 5 3
9 2 22
9 4 3
3 2 30
6 5 14
8 3 1
6 7 18
8 4 17
5 0 27
5 1 15
9 8 13
4 6 45
2 1 31
3 7 31
2 7 16
0 1 17
5 2 53
6 1 19
1 9 44
0 9 38
0 3 8
9 3 13
0 6 2
8 1 40
7 1 3
0 8 4
4 3 33
10 45
11
8
7
19
2
17
7
18
16
7
8 6 14
8 4 43
4 7 55
7 0 21
8 9 11
9 2 3
8 3 41
8 5 13
2 1 28
7 1 18
3 5 20
8 1 1
9 6 40
5 9 22
3 1 17
4 0 30
9 1 18
5 7 50
9 3 7
8 7 2
0 8 35
6 5 26
6 7 1
5 0 8
4 6 7
0 3 56
2 0 3
0 1 14
8 2 43
7 2 56
5 4 14
4 1 16
1 6 40
6 0 27
4 3 4
4 9 8
2 4 27
9 0 49
2 3 39
2 5 23
3 7 15
5 1 40
6 3 19
6 2 45
7 9 28
10 45
9
9
12
2
10
11
16
19
19
20
7 3 45
3 5 22
7 2 52
2 9 57
5 1 54
1 4 44
2 6 18
5 0 8
1 8 35
7 0 38
1 2 17
3 2 52
9 1 14
5 6 13
8 3 31
7 9 4
5 7 44
7 8 52
8 2 9
4 8 53
4 5 3
6 9 31
0 6 30
6 1 28
8 5 9
6 8 11
0 3 24
2 4 57
9 8 9
4 3 56
0 4 41
4 6 13
0 8 25
1 3 46
5 2 57
3 9 12
0 9 56
6 3 4
1 0 16
0 2 47
7 6 25
4 7 16
4 9 49
7 1 31
5 9 24
12 66
14
2
16
12
20
9
16
10
5
11
16
8
7 6 59
6 11 1
11 0 55
0 3 53
3 5 30
0 2 35
6 4 8
5 10 25
10 9 39
3 8 43
3 1 31
4 0 16
6 0 50
8 6 43
6 2 26
8 9 18
4 7 2
3 2 38
1 10 44
7 3 55
4 10 17
2 5 28
10 6 57
11 7 1
5 0 47
7 2 54
1 8 58
7 9 57
5 1 15
0 7 43
8 2 46
10 7 17
10 8 52
2 11 3
1 7 29
2 4 36
2 9 15
1 4 1
11 9 53
8 0 3
10 2 15
11 5 34
4 5 46
7 8 14
6 3 37
4 9 1
11 3 5
0 9 53
8 5 38
9 3 6
11 1 8
6 5 47
11 8 38
4 3 12
1 2 19
3 10 34
4 11 15
9 5 53
6 9 34
10 0 1
1 6 29
4 8 35
5 7 13
11 10 1
1 0 38
1 9 47
12 66
1
8
14
1
3
14
3
15
13
1
2
10
4 0 22
0 2 60
2 5 60
4 3 30
3 11 2
11 9 2
11 1 4
0 6 12
6 10 41
10 7 12
3 8 50
2 10 12
11 0 40
6 5 37
11 6 35
6 7 58
8 7 57
9 2 2
3 0 13
5 10 32
8 2 31
10 0 9
1 4 51
7 5 33
0 5 34
7 4 47
6 1 30
3 5 6
9 5 52
0 9 22
2 7 38
3 2 33
1 10 9
10 3 51
3 6 46
9 10 14
2 4 18
5 8 55
5 11 54
11 10 49
4 6 10
1 5 49
0 8 57
7 11 27
6 8 25
8 1 19
0 7 45
8 9 43
10 4 4
4 9 59
2 6 26
5 4 32
3 9 35
7 1 9
2 1 33
9 1 20
3 1 32
8 11 59
2 11 27
9 6 34
8 4 46
1 0 5
11 4 39
9 7 22
3 7 29
10 8 45
12 66
3
3
13
13
18
1
9
19
7
2
18
1
6 5 50
5 9 2
9 4 53
5 7 57
7 0 52
4 11 38
11 2 60
2 3 55
2 8 2
8 1 18
0 10 16
2 4 5
0 9 21
10 9 23
10 6 9
9 2 4
0 6 14
0 8 11
8 4 35
11 7 32
3 8 33
3 9 34
0 2 11
9 11 23
6 3 10
11 8 21
11 5 31
6 11 42
1 3 2
1 10 48
3 7 34
10 2 21
6 2 11
5 0 37
0 4 10
3 0 40
6 4 43
7 2 22
7 4 1
3 4 2
11 3 35
1 9 50
8 7 14
2 5 20
4 5 52
8 5 1
7 1 3
10 8 40
6 7 52
9 8 43
2 1 15
3 5 49
4 10 5
8 6 4
1 0 29
11 1 14
10 11 11
6 9 11
10 7 43
7 9 12
10 3 14
4 1 8
1 6 35
11 0 49
5 10 20
1 5 3
12 66
12
2
10
14
20
12
4
1
3
15
11
6
3 6 20
6 4 7
4 5 43
5 1 31
1 0 8
3 2 29
2 8 37
4 9 9
6 11 53
0 7 44
1 10 27
0 11 25
2 6 7
8 7 24
1 3 34
9 1 25
11 3 14
1 11 42
6 8 52
3 0 40
10 0 40
1 7 37
9 10 7
9 6 16
8 5 1
2 9 45
10 11 17
1 4 26
7 9 43
11 4 48
0 8 50
7 2 50
8 1 7
2 0 15
5 2 28
6 7 1
0 4 25
11 7 25
4 2 23
11 5 53
3 7 59
7 10 35
10 3 38
8 11 51
0 6 48
2 10 21
3 8 35
3 5 23
10 5 48
2 11 4
9 8 5
0 9 17
3 9 14
10 8 14
9 5 13
1 2 2
4 7 40
5 6 32
10 4 48
1 6 25
5 0 10
5 7 22
4 8 22
11 9 10
6 10 19
4 3 41
12 66
6
19
15
7
16
8
13
9
15
14
9
9
0 3 27
3 6 48
6 7 13
7 2 44
2 11 5
11 4 59
6 9 20
6 10 59
10 5 18
5 1 55
1 8 43
9 3 50
8 11 17
2 10 26
2 5 54
3 10 55
8 6 50
10 1 37
2 8 2
3 1 34
0 10 50
7 11 55
3 7 48
4 2 45
0 1 21
9 8 9
1 4 11
11 5 5
3 11 52
8 0 60
8 10 29
9 11 29
4 9 45
3 5 34
2 1 16
9 5 9
0 4 1
1 11 4
7 9 20
11 6 2
9 10 16
4 3 16
5 7 42
4 8 25
8 3 20
4 6 38
11 10 2
4 5 50
7 8 13
9 2 14
10 4 46
2 3 32
0 9 56
6 1 6
0 2 17
7 1 17
4 7 45
0 7 50
6 5 30
11 0 23
10 7 44
8 5 36
1 9 30
6 2 28
0 6 5
5 0 58
12 66
14
5
18
16
2
19
11
5
20
20
3
1
3 7 15
7 11 16
11 0 10
0 9 54
9 5 11
7 1 3
1 6 24
5 10 14
11 8 26
6 2 9
8 4 30
4 9 2
1 8 20
5 0 12
7 10 13
8 5 4
0 10 60
0 4 51
2 10 56
8 2 43
3 6 55
6 7 4
7 0 5
0 3 56
3 4 28
3 9 60
2 7 30
6 9 19
2 4 39
10 1 13
6 5 8
7 8 10
8 10 26
3 8 58
11 1 30
1 2 53
2 9 33
8 6 55
0 6 55
4 11 26
3 1 60
11 6 53
11 2 50
0 2 21
10 4 4
7 4 42
6 10 42
8 9 32
5 2 35
7 9 38
3 5 17
5 4 27
4 6 15
2 3 49
4 1 36
8 0 26
11 9 4
5 1 43
11 10 24
11 3 5
9 1 3
10 3 33
5 7 45
1 0 49
11 5 42
9 10 48
12 66
20
10
13
17
7
3
4
4
11
2
3
2
1 5 51
1 6 7
5 9 25
9 8 50
8 0 8
9 2 42
8 10 33
5 11 27
11 7 6
11 3 15
10 4 5
11 0 15
10 1 60
6 4 18
6 5 32
10 5 7
11 10 8
2 1 21
3 2 21
9 6 30
1 8 8
8 2 2
3 6 24
3 1 45
4 8 56
1 9 37
1 4 60
10 0 58
6 10 8
0 3 13
6 11 49
2 4 54
5 8 9
11 9 11
7 9 20
11 8 48
10 2 50
8 7 46
9 3 33
8 6 10
0 7 46
5 4 12
11 1 22
2 7 42
9 4 8
1 7 52
3 7 23
3 8 28
10 7 35
0 2 55
5 2 44
9 10 32
0 6 38
2 6 17
10 3 57
4 3 18
0 1 42
11 2 18
9 0 57
5 7 25
5 0 51
4 0 24
6 7 54
7 4 1
11 4 36
5 3 46
12 66
20
6
5
19
19
7
17
11
6
1
10
2
11 1 24
1 5 44
5 2 21
1 7 53
7 10 59
1 9 22
7 4 35
4 8 50
2 3 26
5 6 54
9 0 50
2 11 26
0 2 20
9 11 53
9 6 25
5 10 58
4 3 43
5 4 55
6 1 39
4 0 50
0 11 34
0 5 34
5 3 7
6 10 57
3 9 12
11 10 7
9 2 24
0 8 3
5 7 22
7 11 49
3 11 57
11 8 18
1 3 34
6 4 9
10 0 5
1 4 5
6 11 18
0 3 31
6 3 10
1 0 37
1 10 31
7 2 54
10 8 8
7 6 15
4 9 30
8 1 20
2 4 12
8 9 53
9 7 33
2 1 46
5 8 59
0 6 58
2 6 5
2 10 12
8 7 32
8 3 23
3 7 40
5 9 51
6 8 28
2 8 14
4 11 7
11 5 51
10 9 43
10 3 14
7 0 35
4 10 55
12 66
14
8
18
8
14
12
19
19
4
7
8
17
6 5 34
5 10 25
10 11 16
11 4 29
4 7 23
7 8 41
5 0 28
8 2 24
2 1 19
8 3 43
0 9 33
4 3 22
2 10 7
5 4 44
4 1 46
3 7 20
3 11 2
8 6 6
6 11 56
4 8 24
2 7 23
5 8 1
9 10 54
1 9 60
1 11 46
2 9 50
10 6 10
1 6 41
11 5 33
3 9 49
10 7 50
7 1 38
3 2 9
0 4 32
6 9 20
11 8 3
5 9 27
6 2 40
11 7 8
11 2 52
1 8 38
1 10 48
6 3 49
9 7 34
0 3 49
0 6 13
10 3 44
10 0 38
1 0 33
8 9 32
6 4 20
5 7 4
10 8 44
4 2 9
0 11 25
9 4 35
5 2 1
11 9 14
6 7 41
5 3 43
5 1 10
0 8 35
3 1 9
4 10 11
7 0 45
2 0 25
12 66
5
14
11
5
15
20
3
6
15
12
9
11
8 0 23
0 2 17
2 1 28
1 6 31
6 9 42
8 5 24
5 11 16
2 10 53
10 3 31
9 4 39
10 7 38
11 4 42
9 7 39
2 8 27
10 8 4
6 2 38
9 1 30
2 9 47
3 4 28
5 2 56
1 3 10
3 5 45
8 4 26
8 1 37
4 10 54
6 3 54
6 0 23
3 2 1
7 2 59
3 11 26
6 11 11
3 0 13
11 8 42
11 10 53
0 5 14
7 6 17
9 8 35
5 4 7
1 0 58
8 6 33
2 11 35
1 5 46
5 6 26
10 9 27
1 4 16
7 1 57
1 10 46
5 7 26
7 3 40
6 4 6
0 11 46
11 1 7
10 5 50
10 0 20
9 11 37
3 8 7
9 0 17
0 4 25
9 5 43
3 9 43
7 0 10
8 7 28
4 7 27
11 7 46
4 2 29
10 6 30
14 91
9
3
4
1
5
7
6
13
17
15
4
3
1
14
12 3 4
3 2 32
2 13 1
12 6 31
6 10 18
12 1 18
1 7 49
7 11 33
11 8 22
2 0 25
3 5 57
11 4 47
4 9 8
12 8 52
5 4 14
10 11 18
8 7 19
5 1 10
2 8 24
13 11 59
4 8 1
8 1 23
3 8 48
1 11 26
0 4 7
13 8 25
12 11 30
0 10 15
12 7 17
9 3 5
10 4 5
1 0 3
6 4 1
1 2 35
8 5 31
3 11 39
9 2 26
11 5 19
5 13 38
9 11 19
4 2 4
13 9 12
12 2 1
12 10 22
7 5 39
8 9 12
12 0 39
7 2 3
7 13 26
10 8 7
9 7 50
1 4 4
10 9 47
8 6 3
13 4 9
12 5 44
0 6 58
6 5 46
5 9 29
3 6 3
12 13 52
3 0 43
3 13 47
4 12 33
6 7 13
13 6 21
8 0 37
3 4 30
0 5 45
3 1 44
2 10 45
10 5 5
6 11 49
7 0 30
7 10 28
10 1 47
13 10 28
3 10 54
0 13 51
5 2 56
7 4 17
12 9 5
9 0 24
2 11 60
6 2 31
1 13 48
1 9 59
11 0 53
6 1 7
6 9 13
3 7 2
14 91
5
4
15
10
8
4
5
16
13
15
7
9
8
20
11 12 40
12 6 42
6 2 11
2 9 2
9 5 39
5 1 33
1 0 3
0 7 20
0 8 28
11 13 33
2 3 31
13 10 11
13 4 44
5 3 40
4 3 14
5 2 5
1 10 2
12 13 21
3 1 56
13 7 12
7 5 2
9 10 40
1 6 55
10 8 57
11 9 18
8 4 29
12 8 38
10 7 21
3 8 41
9 0 22
7 3 58
6 13 51
8 2 21
0 3 9
4 7 32
0 2 33
10 3 60
11 6 15
11 10 58
1 8 28
12 5 52
5 10 16
2 10 29
2 7 26
13 5 3
12 7 18
3 9 42
10 6 44
2 4 44
11 2 23
9 7 23
12 10 56
13 0 50
1 4 21
13 2 54
7 6 3
5 8 53
11 3 48
2 1 13
11 0 4
12 3 21
9 12 22
4 9 20
8 6 38
1 13 33
0 5 1
6 3 31
12 2 59
11 7 24
1 11 41
6 4 37
0 4 60
5 4 26
10 0 55
7 8 55
7 1 8
8 9 1
13 9 51
9 6 1
5 6 39
4 12 9
6 0 19
0 12 13
11 5 18
4 10 20
13 8 41
4 11 28
3 13 35
8 11 39
1 12 13
9 1 15
14 91
12
5
10
18
16
19
13
5
7
13
7
19
2
10
7 0 6
0 13 3
13 8 44
8 9 30
13 5 36
5 2 54
7 12 22
13 3 27
3 10 49
8 6 55
10 1 20
12 4 53
1 11 7
0 2 60
7 3 9
4 13 60
6 13 5
7 4 48
9 12 31
4 1 50
2 8 10
9 1 9
7 11 9
13 7 32
6 7 2
1 3 20
1 12 21
5 10 47
9 6 10
4 3 35
13 2 42
6 2 40
11 0 51
8 11 43
3 2 17
6 0 60
1 0 56
5 6 56
12 3 5
10 2 48
5 8 8
1 13 52
8 3 12
12 5 5
11 6 49
2 7 4
5 7 22
0 8 28
3 11 19
10 9 56
6 10 45
1 7 43
5 11 1
2 11 10
1 2 17
7 10 48
9 11 37
5 3 3
7 8 56
11 4 7
0 5 35
12 0 49
1 8 41
4 6 60
11 13 18
0 9 51
3 0 15
12 2 3
7 9 55
5 9 24
9 4 20
10 0 3
5 1 23
8 12 36
10 11 29
5 4 11
0 4 13
9 13 38
1 6 21
4 8 14
11 12 46
2 4 25
6 12 49
9 2 7
9 3 7
10 12 48
13 10 44
10 8 24
4 10 33
3 6 55
13 12 5
14 91
9
6
14
3
4
12
13
11
18
4
8
15
19
16
7 8 7
8 0 35
0 12 3
12 11 20
11 5 54
8 13 47
8 1 9
0 2 30
2 3 38
11 9 34
1 4 18
3 10 43
10 6 49
5 3 5
8 9 47
4 8 3
3 6 4
6 2 6
8 6 34
12 1 27
9 6 24
12 9 19
9 2 2
5 7 44
7 13 43
3 8 36
5 9 44
11 10 3
12 7 48
3 12 36
13 3 10
3 11 37
0 5 29
4 0 38
2 5 48
9 10 57
1 10 6
4 2 57
9 3 32
10 5 9
7 10 48
6 1 26
13 10 55
11 4 14
10 4 25
6 0 35
6 7 24
1 9 18
5 1 53
11 8 44
7 1 51
0 3 60
7 2 1
9 0 12
4 3 30
1 2 58
4 5 30
2 10 10
3 1 45
9 13 39
7 11 44
10 12 56
12 13 32
13 11 54
4 7 59
4 9 3
9 7 41
10 8 50
0 13 10
2 11 41
13 4 20
12 6 3
8 5 59
8 12 6
0 7 40
11 0 48
1 11 51
6 4 24
1 0 59
0 10 27
7 3 60
5 6 52
5 12 29
13 1 21
2 13 28
8 2 1
6 11 22
13 5 23
12 2 42
12 4 23
13 6 24
14 91
13
18
1
19
5
2
7
11
6
18
16
17
20
20
13 11 30
11 12 11
13 0 3
12 8 40
11 7 26
7 3 54
3 4 6
4 2 10
4 1 32
1 5 9
13 6 36
5 10 24
10 9 12
9 1 44
1 8 6
4 6 51
12 7 46
1 6 29
4 11 20
11 0 40
4 13 25
4 7 58
11 8 12
12 5 52
2 6 41
13 8 2
12 2 2
3 2 57
7 13 15
13 5 42
8 9 52
2 13 8
5 3 9
1 3 4
9 5 22
8 2 4
2 10 22
1 10 13
8 0 20
4 10 3
12 3 60
0 4 23
6 3 58
5 2 49
9 2 13
8 7 56
11 5 52
7 1 42
0 6 27
13 3 7
1 0 43
7 5 6
13 10 37
3 9 12
1 12 28
11 10 44
4 5 49
6 7 21
5 6 59
9 13 55
1 2 9
11 2 22
0 2 27
6 9 17
10 3 24
12 6 18
9 0 57
1 11 31
13 12 4
10 8 7
12 10 12
6 11 46
8 4 24
12 0 57
10 6 27
12 9 22
3 8 52
0 10 16
2 7 32
6 8 14
9 11 23
5 0 27
0 7 2
4 9 56
4 12 50
0 3 18
1 13 34
5 8 58
9 7 55
3 11 49
10 7 21
14 91
9
2
9
17
10
9
19
7
15
7
10
18
7
5
5 7 1
5 0 7
5 1 31
1 3 39
3 2 14
2 12 50
12 10 1
1 4 36
2 9 30
9 8 46
0 6 15
1 13 16
6 11 56
9 10 57
3 0 40
11 12 39
5 4 7
1 6 40
12 0 15
13 4 32
8 5 26
0 7 45
12 7 13
8 11 57
9 13 7
9 3 28
3 10 19
4 12 32
1 0 46
10 6 10
7 1 1
3 8 44
13 5 28
7 11 55
2 7 60
10 13 10
9 11 54
0 13 42
6 5 58
11 5 27
0 2 37
0 9 31
7 8 24
7 4 39
3 11 9
2 10 57
12 5 8
5 9 1
2 1 49
11 2 58
13 12 21
2 4 44
13 7 54
4 0 25
8 6 11
5 3 53
2 8 27
6 13 8
8 1 29
10 0 23
12 3 34
7 10 24
6 9 19
12 6 25
9 4 31
12 8 6
4 11 54
8 4 9
2 5 6
3 6 28
7 3 17
5 10 19
10 11 23
4 10 13
6 7 36
12 1 23
13 3 44
6 4 44
13 8 35
4 3 33
1 11 2
7 9 58
13 2 30
9 1 43
0 8 11
1 10 55
10 8 45
11 0 54
9 12 21
2 6 14
13 11 19
14 91
3
5
6
18
18
6
13
13
18
11
17
6
2
17
13 10 36
10 2 59
2 1 43
1 11 13
11 5 51
5 6 50
6 8 44
8 0 29
11 7 55
13 12 40
2 9 22
11 4 43
13 3 21
2 5 52
4 6 36
12 0 47
12 3 3
5 3 7
5 13 33
10 1 2
9 5 32
3 2 1
12 4 16
5 7 16
4 1 55
13 9 14
13 4 7
0 5 26
13 8 42
2 11 53
7 10 60
9 12 11
12 5 19
6 13 48
13 7 58
1 9 56
6 11 8
4 5 31
8 12 10
9 3 43
6 2 59
10 6 25
3 10 19
5 8 19
10 12 28
3 11 31
7 12 44
0 4 28
13 0 33
8 4 22
0 9 30
8 3 11
4 9 53
10 9 7
9 8 48
3 7 9
1 6 47
11 12 34
0 7 31
6 12 18
0 10 36
3 1 9
0 1 5
13 2 55
6 3 1
9 6 4
0 3 48
8 7 41
2 7 27
7 6 16
13 11 54
1 7 5
12 1 42
10 5 14
11 0 27
4 10 25
12 2 5
2 0 10
13 1 54
4 7 38
10 11 11
0 6 51
10 8 48
5 1 27
8 1 24
2 8 6
9 7 16
11 9 7
2 4 15
11 8 53
3 4 50
14 91
3
19
2
19
6
6
18
6
7
4
5
2
8
18
2 8 22
8 10 50
10 9 32
9 13 17
13 6 25
13 0 35
0 12 34
13 4 30
4 1 1
1 11 17
2 5 4
10 3 6
2 7 39
9 11 37
11 3 8
1 13 43
8 5 59
7 10 3
12 6 12
12 11 9
2 12 54
12 7 3
1 5 9
0 8 42
4 2 22
1 2 3
0 3 37
3 7 34
9 7 34
13 7 57
10 1 46
9 12 19
8 7 8
9 8 7
1 9 7
0 7 39
4 8 52
13 3 29
13 5 4
6 10 1
11 4 51
9 3 52
6 2 1
7 1 59
7 6 18
0 1 5
8 1 29
10 4 27
1 12 9
2 13 6
9 0 8
12 13 56
8 12 42
11 2 44
13 11 45
10 12 43
10 13 38
11 6 53
5 0 34
11 7 56
12 4 24
5 9 38
8 13 7
2 10 49
6 8 41
6 4 40
10 5 23
8 11 60
11 10 4
7 4 20
5 12 24
9 2 51
6 1 17
7 5 20
11 0 36
10 0 29
6 0 46
2 0 58
3 12 41
3 2 6
6 3 60
5 4 28
9 4 6
4 3 43
8 3 39
0 4 32
6 9 1
5 3 12
6 5 52
11 5 10
3 1 1
14 91
15
4
13
2
5
12
4
14
5
17
15
13
10
15
11 2 37
2 12 8
12 4 28
4 10 22
10 8 15
8 3 25
3 1 7
4 7 60
4 9 25
10 0 2
0 5 58
4 6 2
1 13 39
13 4 1
2 5 19
12 9 3
0 11 16
11 10 11
13 12 39
3 4 54
6 3 8
4 2 16
11 4 14
3 0 20
5 8 59
12 10 40
3 12 2
13 9 49
12 8 8
12 7 38
6 0 18
6 8 39
12 6 4
10 2 42
8 0 17
0 4 32
11 5 48
2 1 51
11 13 29
1 12 60
13 3 42
5 4 45
0 13 33
9 11 55
7 0 29
9 1 34
11 12 8
8 2 23
5 12 15
11 3 23
1 7 36
1 6 40
1 5 18
8 4 58
13 5 13
13 2 9
7 9 53
9 8 45
0 1 17
2 3 50
3 10 24
7 3 6
4 1 17
6 2 8
6 11 11
6 10 13
6 9 16
5 7 55
6 13 31
7 11 33
5 3 11
10 13 8
12 0 48
13 8 8
9 10 33
1 10 20
11 8 45
3 9 52
6 5 46
1 11 55
10 5 47
13 7 15
8 7 52
7 6 42
1 8 31
9 5 29
2 9 32
2 0 2
2 7 50
0 9 56
7 10 46
14 91
3
3
7
17
1
5
7
12
3
5
18
10
6
4
9 12 52
12 7 2
7 2 48
2 10 23
10 6 18
6 3 14
2 13 48
9 4 28
4 8 56
7 5 44
3 0 22
8 1 13
1 11 16
11 8 43
7 11 5
11 0 14
4 7 30
1 0 26
0 4 56
1 6 15
13 0 30
12 0 2
7 9 19
5 0 48
3 13 10
13 6 60
4 1 49
8 2 13
13 10 29
12 6 50
5 10 19
13 9 19
10 8 11
2 3 55
11 10 40
5 3 30
6 0 41
5 2 10
2 6 11
11 4 4
13 4 10
10 4 33
10 12 50
4 6 36
8 6 31
3 12 39
2 12 44
1 2 35
3 1 32
4 5 10
1 5 37
9 5 35
13 11 36
9 3 38
2 0 44
3 8 56
1 10 54
11 12 59
6 5 34
10 0 4
12 1 21
13 7 6
9 8 10
1 9 48
6 7 44
12 5 32
7 8 34
0 7 20
5 11 44
7 1 43
4 2 34
9 6 24
13 1 46
3 7 23
9 0 38
6 11 17
11 9 20
3 11 13
7 10 12
4 12 43
8 5 23
2 11 2
9 10 45
13 8 49
0 8 25
13 5 30
3 4 14
13 12 59
3 10 55
9 2 30
12 8 34
16 120
17
18
4
17
3
13
4
14
17
17
17
18
15
5
9
12
11 14 39
11 15 22
15 13 27
13 6 58
14 1 35
1 2 35
2 3 32
11 12 8
2 9 1
6 0 43
0 10 29
15 4 38
2 8 55
8 5 58
5 7 8
9 12 40
5 13 55
6 8 12
4 13 1
5 15 7
9 15 50
10 3 25
11 5 56
12 0 55
8 7 26
3 6 54
14 15 29
14 0 25
12 14 31
15 7 42
1 3 23
11 0 47
2 10 55
15 12 11
14 13 37
0 8 48
6 10 53
8 11 31
10 13 47
3 9 1
8 9 22
7 6 32
6 2 20
5 1 28
7 13 43
11 2 13
7 14 36
1 6 51
13 9 44
3 7 24
9 0 42
5 9 8
11 7 53
9 14 43
5 10 17
13 12 42
14 5 12
2 5 12
4 5 16
12 8 55
8 14 36
13 0 3
2 14 7
7 4 4
12 2 56
0 1 51
11 9 11
6 12 5
1 10 33
7 1 47
6 9 40
2 7 29
11 10 59
6 14 26
1 12 56
5 0 48
3 15 12
2 13 4
3 5 22
13 11 28
6 11 36
9 4 43
3 8 34
3 11 20
3 0 22
4 8 7
1 11 3
15 6 12
4 0 26
4 6 21
10 9 21
8 10 45
1 9 6
7 9 52
13 1 16
12 4 25
2 0 24
10 7 23
13 8 29
13 3 38
14 3 24
2 15 52
15 1 58
12 5 30
10 15 35
14 10 58
6 5 31
3 12 30
8 1 5
12 7 19
8 15 37
14 4 51
4 11 40
2 4 38
10 12 29
7 0 16
0 15 1
4 1 32
10 4 42
4 3 42
16 120
15
9
9
12
13
12
15
4
15
7
9
18
2
3
16
10
8 6 60
6 5 53
5 0 58
0 2 13
2 1 37
0 12 12
12 14 54
14 3 8
3 11 11
12 9 24
9 13 38
9 4 5
1 10 39
12 15 7
8 7 51
15 3 19
0 9 46
8 10 8
5 4 9
8 15 57
6 3 26
7 6 11
10 4 51
6 1 1
8 0 33
7 13 13
4 1 21
4 12 54
4 7 11
3 10 60
15 11 39
14 5 48
2 13 4
8 9 14
0 3 54
7 10 40
2 3 17
2 15 2
1 8 59
11 13 27
1 5 48
2 12 54
1 11 48
5 12 2
3 4 2
3 13 26
7 2 6
15 13 46
11 7 37
0 14 13
2 14 37
14 6 15
9 7 53
0 7 57
5 3 56
8 4 22
2 10 3
6 0 6
12 7 42
11 2 51
2 4 38
0 4 51
2 9 29
8 13 59
13 5 57
11 14 37
8 11 32
13 0 52
13 10 54
1 0 9
12 11 18
13 14 27
10 11 9
11 0 18
12 1 6
4 14 44
14 10 16
4 15 23
15 9 7
5 2 6
8 2 30
15 10 10
4 6 3
11 5 13
8 5 32
9 11 58
5 10 48
9 3 25
9 10 25
5 7 18
13 1 16
14 7 31
1 14 24
3 1 39
5 9 58
9 14 20
1 9 36
13 12 11
5 15 12
10 6 10
7 3 31
10 0 30
8 12 29
6 12 41
11 4 23
15 0 14
8 3 8
12 10 10
15 1 59
6 15 19
12 3 34
1 7 4
15 14 6
15 7 20
6 13 35
6 2 60
14 8 60
6 11 13
4 13 20
9 6 1
16 120
4
5
9
6
5
14
12
14
19
4
4
9
12
12
18
12
5 9 27
9 11 53
11 6 9
6 14 23
14 3 29
3 4 15
4 2 43
6 10 6
11 15 45
6 1 31
3 7 56
7 0 49
7 13 38
14 12 56
9 8 45
13 5 22
13 12 57
9 6 18
4 5 14
12 3 44
9 12 2
8 1 21
2 9 5
4 15 11
3 6 28
5 3 14
10 12 59
5 1 19
11 8 46
13 0 58
3 2 46
2 6 54
6 4 7
4 1 26
10 4 4
11 10 48
8 13 52
11 5 4
0 2 47
12 8 5
12 11 8
9 13 18
1 12 37
7 12 1
6 13 53
14 4 2
7 1 40
2 5 15
1 2 54
5 10 23
13 10 8
13 1 29
12 15 19
10 0 18
14 7 49
11 1 25
15 8 47
6 15 16
4 12 60
9 0 10
5 7 55
14 5 56
7 8 59
0 14 3
2 13 4
12 2 60
5 15 23
0 8 52
2 8 24
3 9 41
15 0 25
11 0 47
10 2 30
6 0 54
15 9 2
1 3 56
13 11 26
14 8 14
1 0 57
4 7 34
12 0 6
3 0 15
0 5 54
3 8 42
7 15 54
6 8 9
11 3 2
15 14 45
15 13 6
4 9 17
1 9 12
14 1 16
14 10 53
8 10 33
7 9 48
11 14 27
11 7 9
10 7 39
8 5 41
7 6 11
7 2 16
12 6 2
1 10 32
2 14 14
3 10 27
15 2 48
10 9 36
0 4 15
10 15 31
3 13 29
13 4 53
2 11 39
15 3 50
12 5 1
15 1 25
13 14 53
4 11 55
14 9 12
6 5 17
4 8 20
16 120
10
9
7
1
12
7
19
17
18
16
4
1
6
15
3
15
12 15 12
15 2 33
2 7 45
7 9 54
9 0 51
0 1 46
1 13 55
13 4 14
15 14 6
14 8 4
8 3 49
12 11 41
11 5 18
14 6 27
4 10 32
9 4 24
15 5 43
8 10 15
11 4 19
6 8 6
11 10 12
11 6 39
6 7 20
14 10 44
7 14 43
3 9 11
13 14 39
3 5 17
3 2 11
7 15 6
9 12 33
1 11 29
1 9 10
7 12 31
8 13 35
3 0 5
6 0 17
10 15 24
4 0 22
11 7 21
15 4 14
12 4 16
2 5 56
11 13 23
5 8 27
3 4 57
5 9 10
6 13 43
12 13 49
14 0 12
6 5 20
12 6 38
11 8 39
0 8 37
12 8 52
8 15 17
6 15 28
14 2 7
4 7 45
2 8 28
5 4 37
11 15 13
7 3 4
13 15 56
9 6 40
7 13 34
4 8 3
2 0 41
10 9 54
1 10 59
3 11 58
10 3 1
0 5 47
12 3 22
5 12 48
14 1 12
1 15 42
10 6 2
4 14 20
9 14 11
2 11 39
6 1 30
2 6 17
1 4 14
7 5 11
10 0 11
2 9 1
13 9 36
1 8 60
2 4 36
2 1 42
14 11 49
10 2 46
15 3 29
3 14 25
7 8 9
4 6 30
2 13 33
1 5 29
7 10 23
0 11 2
7 0 27
7 1 54
1 12 15
13 0 55
3 6 28
3 1 15
13 5 17
0 15 19
0 12 7
9 8 16
10 12 25
5 10 16
9 11 33
12 2 49
10 13 7
3 13 14
15 9 54
14 12 40
14 5 51
16 120
13
18
4
13
6
8
6
9
20
11
2
9
17
3
7
2
1 7 5
7 4 45
4 5 30
5 2 33
5 8 40
8 6 12
1 14 9
4 9 29
9 13 4
13 3 22
4 10 57
4 12 31
4 15 34
9 0 50
15 11 17
15 8 23
8 4 28
5 9 8
12 13 59
7 8 7
15 9 11
5 12 51
4 6 57
10 2 43
5 1 12
10 12 9
12 1 8
8 3 47
1 6 4
12 2 9
15 0 16
4 1 33
10 9 51
13 10 45
5 0 15
2 15 42
11 1 20
14 9 26
0 11 22
6 14 27
13 15 41
9 8 12
9 11 12
0 12 5
15 1 50
15 12 1
8 10 52
13 1 27
7 12 15
14 0 26
3 2 41
6 2 20
13 8 38
11 2 16
8 0 51
9 1 13
3 14 43
7 11 39
2 9 28
5 7 13
11 4 16
7 9 44
6 0 13
10 15 55
2 14 43
5 11 22
10 1 56
5 13 1
11 13 31
9 3 43
6 9 2
5 6 30
2 8 48
7 10 18
15 14 27
1 8 7
15 7 6
7 13 30
11 8 59
10 0 34
15 5 12
6 7 48
12 9 56
0 7 10
11 6 57
5 3 46
6 3 27
2 4 40
3 11 2
14 13 31
15 6 42
12 14 10
11 14 49
3 15 2
4 0 53
6 12 18
5 14 18
2 0 41
6 10 55
8 14 53
14 7 13
5 10 33
10 14 26
3 10 36
1 3 42
1 2 31
1 0 43
13 4 53
4 3 30
7 2 47
8 12 53
13 6 22
11 10 52
3 12 6
12 11 54
2 13 26
14 4 23
0 3 27
0 13 12
3 7 25
16 120
9
11
8
4
3
11
6
7
19
5
19
7
9
6
15
12
0 4 53
4 9 13
9 1 30
1 5 11
4 12 23
1 10 39
10 3 56
10 13 15
10 7 49
0 8 22
8 14 45
7 11 33
14 2 60
5 15 13
15 6 40
2 7 22
14 6 18
2 9 18
1 4 4
0 3 54
0 15 31
0 13 4
8 3 4
2 8 25
13 1 29
6 1 42
4 13 9
14 15 26
3 6 8
11 1 34
10 15 28
14 5 18
14 3 31
13 12 41
7 0 31
6 5 36
10 8 9
3 1 33
15 12 15
1 14 9
6 9 26
7 8 54
13 9 8
11 0 11
4 14 15
2 3 18
2 5 15
2 6 56
7 12 27
13 7 15
11 14 50
12 0 19
5 12 10
8 4 30
1 12 33
2 13 41
3 11 31
5 3 26
4 15 60
8 13 9
8 15 32
0 2 49
8 5 56
13 5 5
15 1 10
10 2 17
12 9 1
0 10 9
10 9 42
14 9 2
14 0 2
4 11 37
3 12 48
7 9 9
6 10 20
13 11 57
12 11 45
4 3 7
2 12 26
12 6 38
11 9 27
9 3 21
3 15 27
15 11 13
8 1 48
1 2 16
0 6 24
10 12 32
4 7 1
8 9 58
6 7 26
6 4 39
0 5 35
10 11 27
15 7 59
12 14 25
1 7 43
7 14 18
1 0 44
4 10 51
10 14 44
11 8 55
11 5 8
5 10 28
8 6 27
9 5 25
13 14 38
2 11 39
4 2 27
12 8 33
9 15 54
13 3 45
2 15 56
15 13 39
11 6 7
9 0 1
7 5 20
13 6 10
3 7 23
5 4 59
16 120
16
13
6
19
16
14
6
13
8
12
2
2
3
2
1
11
11 2 39
2 14 30
2 13 18
13 12 48
12 4 26
4 1 8
14 0 34
1 6 2
2 15 56
15 5 44
5 8 56
8 10 18
8 9 1
11 3 40
3 7 53
7 15 43
3 5 1
10 9 2
6 12 39
3 15 45
9 11 41
6 2 59
10 12 55
12 7 4
11 4 23
4 13 23
6 7 15
2 9 45
14 3 49
9 7 19
2 5 19
7 10 23
7 1 58
6 11 42
13 5 14
1 2 5
14 5 50
9 4 54
0 5 57
15 9 6
0 13 23
7 8 17
5 11 2
8 13 46
9 12 33
13 11 3
1 11 34
15 4 28
4 5 5
10 13 29
6 4 11
10 2 42
15 1 37
3 12 11
0 3 1
4 10 53
1 5 29
2 3 27
8 12 19
6 8 52
14 8 11
12 0 59
1 3 46
0 8 40
9 13 13
8 1 42
13 3 45
7 0 8
15 0 32
14 12 22
15 12 33
2 0 48
14 6 18
0 4 3
8 4 15
6 13 51
0 1 36
11 8 23
13 15 54
1 13 5
0 10 10
8 2 4
10 15 3
14 13 26
7 2 3
7 13 8
1 14 15
5 12 9
6 0 6
6 9 53
4 7 42
15 6 43
9 5 6
12 2 41
14 9 38
12 11 28
4 2 57
0 9 8
7 14 13
11 0 46
10 3 41
14 4 41
8 3 9
6 10 50
1 12 15
5 6 44
9 1 15
4 3 15
14 11 17
15 8 24
15 11 17
11 7 13
1 10 23
7 5 41
10 5 21
10 14 25
14 15 4
9 3 48
11 10 20
6 3 16
16 120
15
4
10
12
19
9
3
9
5
7
17
1
13
12
10
5
11 6 45
6 13 33
13 5 46
5 14 44
14 3 16
3 15 44
15 10 33
3 2 5
2 9 47
15 0 14
0 12 4
12 1 56
2 7 38
15 4 32
0 8 1
8 10 4
2 5 47
8 1 20
2 15 29
11 15 38
6 5 55
7 10 56
15 12 49
13 11 17
2 4 14
4 7 32
2 10 41
0 11 58
6 2 30
4 10 33
4 12 57
14 0 17
5 0 2
9 8 34
7 14 52
7 1 30
13 15 23
14 6 2
12 13 1
1 3 49
12 3 53
5 3 9
0 1 53
7 0 49
1 14 8
3 7 35
13 10 4
4 9 26
2 0 22
9 0 19
10 12 24
0 4 32
3 8 16
13 3 36
4 6 60
0 3 29
0 6 14
13 4 59
4 11 42
2 11 51
10 11 2
10 9 30
2 14 58
8 4 19
13 8 26
14 9 45
9 3 47
1 2 45
10 5 48
11 12 14
7 13 54
7 6 1
1 9 7
9 15 31
4 3 45
4 5 3
13 0 28
7 15 9
10 0 57
1 4 24
5 9 1
14 11 27
7 11 3
6 1 22
10 6 56
8 7 3
15 1 49
5 7 16
8 2 60
15 8 28
3 6 60
6 12 50
12 9 30
15 6 43
14 10 33
8 6 60
8 12 55
4 14 36
10 3 29
5 15 15
1 11 58
12 5 49
8 14 1
2 13 29
14 15 51
9 7 56
11 5 35
10 1 16
13 1 20
13 9 1
9 6 41
3 11 45
7 12 9
11 9 35
1 5 21
8 11 6
12 14 33
5 8 40
12 2 17
14 13 17
16 120
20
1
15
12
3
19
7
7
5
1
15
19
19
9
17
1
9 10 50
10 11 14
11 6 2
6 1 42
1 13 52
6 7 45
7 2 47
10 14 31
10 0 15
11 5 39
9 3 25
10 15 7
14 8 50
14 12 1
15 4 51
7 13 53
5 1 23
12 11 55
12 13 12
11 7 20
15 14 58
15 9 23
12 10 5
8 0 29
12 2 49
8 11 2
4 11 51
12 1 5
1 15 55
2 0 12
8 12 37
14 4 9
11 9 56
5 6 43
0 6 41
4 8 8
3 1 9
3 15 22
9 6 21
1 10 57
11 3 25
14 7 57
10 7 40
3 5 4
0 4 20
12 6 13
14 2 50
11 13 11
4 2 41
13 15 24
9 2 42
14 13 47
9 0 21
6 2 57
8 13 8
6 14 53
14 3 15
2 5 42
7 0 30
4 5 21
13 5 12
3 0 44
15 12 6
4 3 46
9 4 14
5 9 23
6 13 33
0 12 24
1 0 4
11 15 40
5 7 54
11 2 26
1 4 13
10 13 39
0 13 2
3 12 42
2 10 56
5 15 33
11 0 20
11 1 38
6 8 22
13 4 14
4 12 1
10 3 10
4 10 3
2 13 50
10 6 4
7 9 2
1 8 43
14 9 17
13 9 39
0 14 40
15 8 42
6 15 31
3 13 25
5 12 1
5 0 54
15 0 41
7 12 7
14 11 2
2 3 16
3 8 42
7 4 17
6 4 49
8 7 60
8 9 60
9 1 4
15 2 25
12 9 38
1 2 31
15 7 38
14 1 54
5 14 50
3 6 45
8 2 24
10 8 32
8 5 5
10 5 25
7 1 52
3 7 25
16 120
3
2
3
19
12
19
1
9
20
14
8
8
12
9
4
10
2 14 29
14 10 49
10 5 32
5 1 50
1 0 9
0 6 49
1 15 30
15 7 54
1 8 15
8 12 60
12 13 10
10 11 2
15 3 15
10 9 36
13 4 22
7 2 56
4 1 60
13 5 56
14 0 52
7 6 59
8 9 23
12 1 41
3 13 8
11 2 29
10 1 37
10 6 60
15 4 45
13 2 27
7 4 49
3 8 55
13 9 53
9 15 21
11 4 4
1 6 1
15 0 54
9 5 49
13 14 4
6 12 6
9 4 2
7 8 58
10 15 3
5 4 11
7 14 28
4 2 60
2 10 18
15 13 28
9 7 11
11 12 25
5 7 1
13 11 56
7 11 37
0 9 43
11 1 24
6 15 17
8 0 3
10 13 43
8 13 4
15 12 37
3 4 5
6 11 38
7 1 18
12 9 13
2 15 6
9 2 14
7 12 33
3 5 52
0 10 49
14 8 50
0 3 21
2 5 36
5 0 25
4 14 52
12 2 56
2 3 26
1 9 42
5 14 29
12 5 32
6 2 19
4 12 56
11 5 16
9 14 44
9 6 4
10 3 32
13 7 38
12 14 14
2 0 8
11 15 30
13 6 34
3 11 33
4 0 36
8 5 23
1 2 37
6 5 59
2 8 55
8 15 50
0 11 54
7 3 45
4 10 15
10 7 9
12 3 34
5 15 10
1 13 55
11 9 46
6 4 8
8 10 19
8 4 22
15 14 49
0 13 30
0 12 36
1 14 10
3 14 4
10 12 9
9 3 29
3 6 33
0 7 36
14 11 12
8 11 55
6 8 34
1 3 36
6 14 33
18 153
10
18
3
16
4
7
12
3
3
9
11
20
20
20
9
6
12
8
4 6 39
6 2 41
2 3 23
3 8 43
8 11 59
11 14 26
14 5 5
2 17 37
17 15 45
15 12 3
12 16 4
15 9 4
4 1 5
1 0 55
3 13 9
5 7 55
13 10 54
7 16 44
8 7 30
16 9 19
5 17 23
9 14 49
16 3 35
9 2 32
0 16 39
14 3 52
4 12 13
2 11 41
8 16 5
6 7 28
16 4 3
3 15 36
6 11 50
2 16 39
14 1 35
0 15 54
2 0 16
2 12 2
14 15 32
2 8 2
13 5 52
11 16 59
9 17 19
7 3 60
12 0 21
9 0 29
6 3 23
17 7 21
12 7 32
15 1 8
3 0 41
12 1 10
17 16 36
0 10 3
7 4 13
5 11 9
8 4 33
4 15 33
10 15 6
8 0 12
8 5 9
4 3 54
11 7 22
14 13 25
1 17 43
15 16 7
15 6 6
5 1 3
13 7 21
14 4 43
1 8 46
4 2 27
12 14 56
9 8 44
1 11 1
11 15 10
5 15 33
10 8 47
1 6 31
9 11 12
10 2 7
13 0 3
9 10 21
4 0 16
2 1 24
17 8 37
2 7 37
12 13 30
7 1 53
10 17 5
3 11 6
0 11 24
7 14 29
16 13 16
0 14 28
9 3 55
5 9 12
7 0 10
5 10 54
8 15 39
13 17 40
10 12 22
13 4 21
3 1 50
6 10 57
7 15 18
5 0 49
12 17 14
16 10 46
14 16 31
5 3 26
6 12 39
13 1 50
12 3 44
6 16 17
17 6 28
1 9 15
9 12 50
16 5 45
0 17 13
11 17 20
8 14 8
14 10 24
4 11 54
13 6 10
11 10 11
9 4 10
2 13 4
13 8 59
5 6 23
8 6 42
11 12 21
3 17 13
6 14 41
9 7 13
6 9 46
9 13 46
10 7 50
4 10 43
1 10 15
6 0 47
14 2 40
17 4 57
3 10 3
2 15 17
12 5 41
13 11 1
17 14 30
15 13 40
12 8 57
1 16 27
2 5 27
4 5 13
18 153
10
6
10
3
18
17
17
9
10
20
13
2
19
4
7
15
20
4
7 3 31
3 17 24
17 11 36
11 14 34
14 2 21
2 0 26
0 6 36
6 10 2
10 12 45
11 8 5
7 13 19
10 15 47
17 5 52
11 16 31
13 1 57
1 4 27
14 9 26
2 13 31
11 12 13
11 10 39
3 9 27
16 15 29
5 15 19
4 10 31
17 10 48
10 1 21
13 14 37
0 4 54
11 5 25
12 2 7
8 16 25
15 3 42
12 0 42
9 15 50
13 6 16
0 3 6
8 15 24
1 2 48
7 5 20
1 0 19
16 3 55
3 8 51
13 8 12
4 6 17
17 16 36
0 9 5
16 7 28
15 17 12
9 2 12
6 14 35
16 5 46
7 12 56
1 17 31
17 14 39
9 5 30
4 11 56
6 1 22
7 10 31
8 9 28
14 7 52
17 13 14
11 15 13
4 15 52
2 10 50
9 16 25
4 17 59
0 10 23
15 1 18
14 1 25
3 4 8
8 17 57
3 1 33
11 13 35
4 5 36
11 1 17
6 7 17
14 16 29
6 8 10
6 15 46
12 1 5
2 16 50
7 8 42
7 4 48
1 16 48
15 0 3
7 1 42
2 6 58
12 9 29
13 12 56
6 12 55
17 7 36
5 3 48
13 4 41
7 11 32
16 4 55
5 8 51
2 17 30
0 13 9
15 7 55
9 4 19
3 6 38
12 4 30
9 10 7
10 13 59
14 4 30
14 10 9
2 7 29
17 9 7
11 9 23
12 15 18
12 3 56
16 0 60
3 13 50
8 10 47
2 8 32
5 0 22
12 16 33
13 16 24
14 12 39
2 4 41
2 15 31
14 8 44
6 11 14
9 7 48
17 12 29
5 10 53
16 6 56
13 9 18
10 3 25
15 14 50
7 0 44
1 5 56
2 5 3
8 4 9
8 0 41
10 16 38
14 5 10
0 11 43
12 8 46
9 1 52
12 5 11
0 17 25
11 2 23
6 5 52
11 3 55
9 6 21
14 3 7
14 0 54
5 13 49
2 3 59
17 6 19
13 15 25
8 1 12
18 153
9
3
8
16
1
6
18
11
18
2
19
18
9
3
15
13
18
13
6 9 8
9 14 52
9 0 53
0 5 57
5 12 17
12 3 53
3 17 23
17 15 45
17 1 45
15 8 30
3 11 40
6 7 12
7 16 8
3 2 40
12 4 6
14 13 56
3 10 11
0 7 21
15 1 46
8 14 25
12 0 49
7 9 3
4 6 14
12 15 56
6 16 13
3 8 37
5 3 16
10 8 7
16 10 20
9 3 15
17 12 29
10 1 49
12 16 51
3 0 48
11 9 53
3 16 25
14 6 29
13 6 24
8 2 22
8 9 28
8 11 20
14 7 27
13 3 13
16 5 21
9 16 40
6 2 35
15 16 42
11 2 9
14 15 32
2 0 32
10 14 55
9 13 17
0 1 33
16 14 41
0 16 1
12 7 31
2 14 23
11 4 27
17 13 41
17 9 21
13 16 59
2 4 27
0 14 31
3 14 25
12 11 25
15 11 58
0 4 18
1 6 22
16 2 51
9 10 36
15 13 14
4 7 57
10 12 16
5 8 4
8 13 9
6 5 10
10 6 59
3 1 45
2 15 3
14 1 42
9 2 28
17 11 20
9 12 47
10 13 27
16 1 12
2 12 29
8 17 41
14 11 26
13 2 58
4 8 57
8 6 58
15 5 50
0 8 21
6 17 44
17 4 53
2 17 28
11 16 23
5 11 47
13 11 5
7 13 26
3 4 20
17 14 6
6 3 6
15 3 7
3 7 57
5 14 17
4 14 6
4 9 1
1 9 49
1 4 53
1 2 11
14 12 36
15 0 53
13 1 3
5 2 59
10 7 28
0 10 1
13 4 25
15 6 58
2 10 24
12 8 51
7 11 32
6 12 2
8 7 38
8 16 13
1 12 57
17 16 59
5 9 10
11 1 19
10 11 58
16 4 50
5 4 38
5 1 17
7 5 5
13 12 27
15 10 38
1 7 48
0 13 55
10 17 57
13 5 29
4 15 29
7 2 60
17 7 51
6 0 49
10 4 21
7 15 49
5 10 60
0 17 44
5 17 39
1 8 22
6 11 53
9 15 52
11 0 23
18 153
19
1
2
5
9
8
12
10
15
10
19
17
14
3
8
20
3
19
4 15 4
4 10 14
10 0 8
0 8 22
15 17 45
0 7 51
7 2 7
2 6 10
6 1 25
1 12 29
12 5 43
5 9 2
0 13 47
13 14 57
12 3 57
17 11 31
9 16 33
14 1 41
4 7 51
15 14 49
15 5 55
9 12 48
15 6 24
8 15 22
4 16 39
11 7 38
3 15 33
15 13 59
15 0 16
11 2 59
12 16 52
7 14 53
13 16 38
17 4 41
10 16 16
12 10 19
10 7 1
14 5 23
14 9 39
17 2 5
14 8 60
14 0 24
0 4 49
4 11 42
13 17 3
6 5 11
13 4 3
11 16 46
9 15 10
6 4 25
11 6 43
17 3 2
11 14 27
13 9 23
9 4 3
17 16 1
16 5 23
6 7 19
10 1 11
3 2 45
0 17 60
6 13 7
4 1 8
2 12 16
17 7 1
8 17 20
16 6 9
3 1 8
4 5 44
2 4 48
12 14 36
16 3 39
12 6 38
5 7 49
3 9 41
15 7 50
2 14 39
17 6 57
1 0 57
8 11 42
0 9 41
2 9 41
8 13 16
9 11 7
10 5 34
0 16 15
1 15 5
1 5 57
11 1 19
14 3 46
8 5 48
2 13 60
8 6 27
4 8 51
6 14 52
11 5 24
14 10 34
15 11 55
17 1 49
10 6 1
0 6 30
17 5 11
1 16 23
7 13 17
15 10 14
9 8 50
1 13 10
13 3 50
17 12 54
0 2 57
8 12 39
17 14 13
1 9 42
9 7 15
9 17 52
17 10 57
10 2 27
12 15 29
8 10 20
11 0 49
15 16 1
5 0 54
10 9 41
2 8 9
3 0 44
1 7 17
4 14 25
6 9 49
13 12 14
10 3 59
12 11 33
11 10 38
3 7 18
6 3 12
7 8 11
12 7 58
16 8 53
11 3 59
3 8 14
0 12 53
13 10 7
16 2 18
16 14 19
11 13 47
13 5 19
4 3 40
1 8 28
4 12 15
15 2 15
5 2 1
1 2 35
7 16 41
5 3 38
18 153
9
14
11
17
18
11
12
4
3
11
19
9
14
1
3
14
18
11
10 9 14
9 4 4
4 13 2
9 17 25
17 3 5
3 2 7
2 11 46
3 7 39
11 15 21
15 16 52
17 8 52
4 14 35
14 6 58
14 0 6
7 1 22
3 5 22
10 12 56
5 8 29
7 5 13
15 8 29
1 9 36
4 6 52
0 15 43
5 15 39
12 1 42
1 17 60
0 11 3
5 4 33
0 3 28
14 10 29
6 0 21
14 3 28
0 10 21
1 2 44
1 8 16
7 17 44
9 8 10
9 12 14
15 3 32
13 15 38
10 17 2
0 13 34
3 13 38
7 16 34
16 8 44
10 2 28
17 5 30
16 14 39
5 11 2
15 2 25
2 13 41
9 0 57
5 16 25
8 12 2
8 11 5
15 1 14
10 16 21
14 8 56
11 4 58
6 7 52
2 4 27
6 10 48
5 0 4
0 17 32
9 16 32
9 13 12
8 4 8
11 10 23
12 14 28
17 12 34
0 4 15
17 11 30
2 8 58
3 9 52
6 15 16
0 16 6
17 6 44
5 6 37
2 7 56
16 4 54
12 6 12
8 0 29
12 4 48
13 5 30
8 10 14
10 7 24
17 15 37
15 12 20
10 4 53
14 15 50
4 1 44
7 14 31
8 13 59
3 4 4
11 7 45
15 9 41
16 2 3
6 13 21
8 7 9
14 5 59
7 0 13
1 5 34
4 15 26
7 13 50
9 14 35
13 11 34
8 6 25
9 5 35
1 14 53
17 13 48
14 2 59
7 15 33
9 7 37
16 17 60
13 16 60
2 17 25
11 1 37
12 3 36
0 2 58
6 1 29
6 3 50
12 2 59
4 17 48
5 12 1
1 13 22
13 10 27
9 11 49
9 2 22
2 6 51
11 12 52
10 15 5
10 5 27
8 3 40
16 12 16
16 6 35
1 16 29
3 11 34
1 3 44
12 0 23
3 10 14
11 16 40
3 16 4
9 6 17
14 13 7
10 1 12
14 17 15
0 1 50
12 13 26
12 7 33
6 11 36
2 5 12
14 11 35
7 4 11
18 153
5
9
20
8
20
1
13
19
15
17
12
14
6
17
8
8
19
20
0 4 25
4 5 49
4 2 48
2 11 20
0 8 14
8 14 21
14 12 56
12 7 12
7 1 43
1 17 44
5 3 20
3 10 29
5 6 56
8 9 16
6 16 49
14 13 20
4 15 1
6 0 40
13 3 53
14 3 11
13 6 55
13 4 60
17 8 15
3 15 28
5 0 24
15 17 41
15 6 7
10 5 23
5 12 2
17 13 59
15 1 13
7 0 14
11 1 55
8 1 52
4 8 29
3 6 21
17 7 31
17 12 13
6 17 58
11 0 27
8 15 49
13 8 38
1 5 18
15 5 20
6 4 31
2 5 18
1 0 32
6 7 11
16 9 23
17 11 30
3 7 15
3 1 21
1 16 44
16 3 46
10 0 48
14 10 33
3 0 29
7 2 34
7 8 59
9 17 60
4 3 51
4 11 12
13 16 15
0 16 9
11 9 57
12 1 23
16 12 45
7 4 26
12 15 10
9 2 21
15 14 54
13 11 37
10 6 31
3 12 1
0 2 11
16 7 3
14 4 49
10 11 60
9 7 47
9 1 27
2 3 42
6 11 37
8 11 44
9 14 25
2 13 16
4 16 48
2 17 17
0 15 21
15 7 18
0 17 7
12 11 23
13 9 59
15 13 20
1 13 3
9 3 21
5 11 52
14 16 46
14 11 26
10 1 56
7 13 49
6 12 8
2 15 54
10 2 18
12 10 19
4 10 11
1 6 51
16 15 18
17 16 21
16 8 50
6 9 34
6 2 27
12 2 9
7 5 58
10 17 47
17 3 21
5 16 59
13 5 55
0 13 8
13 10 50
14 7 13
12 9 30
12 8 27
10 16 29
4 17 41
9 4 51
8 2 22
8 5 1
13 12 11
15 10 48
1 2 9
7 11 14
4 1 37
6 14 29
3 8 35
2 14 59
11 3 30
17 14 59
9 0 4
9 10 27
10 8 10
16 2 5
15 9 6
16 11 1
14 1 36
12 0 25
0 14 7
8 6 10
7 10 29
14 5 49
4 12 20
5 17 5
5 9 34
15 11 53
18 153
3
12
9
15
9
17
7
4
11
8
1
1
12
12
15
3
12
18
15 13 11
13 5 14
5 9 11
9 8 46
15 1 19
1 16 12
5 12 38
12 4 14
4 17 11
17 3 60
3 10 54
12 0 14
13 11 36
13 2 31
2 6 18
1 14 12
8 7 55
11 10 17
9 15 36
9 2 58
5 14 42
1 13 18
15 12 57
3 15 36
1 8 37
6 12 46
8 13 16
10 5 51
6 7 30
9 12 2
3 2 44
2 14 58
7 14 17
11 1 34
10 2 2
4 0 18
9 4 7
8 6 11
4 2 30
7 9 32
5 1 56
14 11 45
6 14 39
13 10 50
6 0 10
9 3 42
12 11 28
6 15 17
11 16 54
2 17 60
8 11 24
4 7 45
9 1 47
2 12 7
16 5 20
11 2 55
16 14 40
15 7 51
10 0 53
15 5 55
17 11 35
1 17 43
11 6 44
10 14 60
0 3 2
15 10 30
9 11 13
4 11 14
3 12 19
10 4 26
8 4 37
1 10 25
16 4 11
0 7 10
17 15 23
17 9 27
16 13 44
1 3 2
7 3 40
2 1 51
8 15 9
15 2 34
14 12 39
0 16 28
15 14 52
7 12 23
4 6 22
0 13 20
1 0 2
2 5 15
8 3 46
11 7 46
14 3 53
1 7 14
16 17 37
0 11 30
8 5 38
12 16 44
10 6 7
16 3 11
16 9 19
17 7 59
9 13 32
15 11 9
5 0 24
8 0 43
10 17 42
2 8 28
14 4 42
0 14 26
2 16 30
3 4 13
17 14 6
13 7 21
5 3 28
7 2 38
6 17 56
10 16 8
16 7 23
8 14 45
15 4 44
11 5 21
6 9 46
12 8 39
12 17 27
7 10 55
9 14 37
4 1 6
6 5 52
0 17 42
0 2 47
10 12 44
4 5 9
0 15 7
4 13 7
1 6 1
8 10 15
13 3 19
11 3 14
1 12 38
8 16 54
13 17 59
8 17 41
6 3 20
17 5 5
16 6 42
13 6 34
9 0 33
9 10 48
12 13 41
15 16 43
5 7 2
14 13 2
18 153
16
12
14
15
6
18
14
18
9
12
9
8
9
1
20
5
5
1
1 3 7
3 9 54
9 14 1
14 4 4
3 15 57
15 8 36
8 2 53
15 0 44
8 5 27
2 7 2
14 13 7
15 6 16
5 17 4
1 16 48
16 11 58
2 12 1
6 10 33
14 15 12
14 7 11
9 11 16
5 13 12
11 0 29
10 1 9
6 1 39
4 3 18
15 12 19
10 16 42
7 15 28
7 4 43
17 14 30
1 9 18
5 15 52
16 7 4
13 12 38
1 14 11
3 13 5
13 11 29
17 12 14
11 10 45
0 3 48
14 10 57
0 16 5
11 2 7
12 5 23
16 4 29
6 7 46
4 2 46
10 2 12
13 15 57
12 0 40
9 13 14
15 9 56
5 16 45
3 10 21
17 11 24
3 17 35
15 16 40
14 8 11
1 12 49
10 12 38
5 10 24
8 6 5
9 5 55
0 13 41
15 1 55
17 9 47
2 1 59
14 6 17
10 8 16
8 3 8
6 3 25
1 13 32
9 2 36
5 3 31
17 1 1
6 0 43
16 13 32
4 12 60
8 13 28
0 8 53
13 4 4
3 11 47
14 3 32
8 4 29
10 4 6
17 15 38
14 0 55
3 7 25
7 1 35
14 2 12
12 14 1
6 16 6
4 0 32
1 8 21
14 11 48
4 17 18
17 10 51
11 4 12
16 8 33
9 4 35
2 6 49
9 12 31
11 12 32
4 5 28
7 10 28
10 15 5
6 4 55
17 13 16
11 8 5
2 16 60
2 3 29
6 17 16
15 2 59
4 15 23
16 9 22
17 0 17
1 0 56
17 16 21
12 6 19
9 8 20
3 12 59
17 8 14
17 2 8
12 7 41
0 5 36
5 2 17
13 10 43
16 12 37
2 0 3
13 6 48
13 7 11
1 5 43
3 16 58
9 7 24
11 6 23
13 2 6
0 7 50
9 0 27
5 14 2
11 15 24
7 17 12
7 8 48
1 4 14
7 5 18
6 5 49
8 12 40
1 11 12
0 10 53
10 9 36
11 5 7
9 6 26
7 11 44
16 14 25
18 153
19
13
15
18
18
19
9
1
19
2
18
13
1
6
11
19
19
12
3 0 40
0 10 38
10 1 3
10 14 24
14 6 41
3 13 20
13 15 14
15 7 35
3 11 33
11 9 3
15 12 18
0 2 38
15 17 50
12 5 45
6 4 33
0 8 28
7 16 33
15 6 3
1 12 17
14 16 6
14 3 3
9 8 27
13 14 22
16 13 26
15 11 45
12 7 57
13 2 34
4 14 3
8 15 44
17 4 57
8 11 45
15 16 58
14 12 55
16 1 59
8 12 22
13 6 24
1 9 1
7 1 26
3 1 15
16 17 28
9 6 29
8 10 21
3 2 4
13 17 54
14 15 36
13 7 60
7 3 60
10 11 50
1 11 44
11 0 42
15 5 7
4 16 18
8 13 34
17 1 28
17 3 57
2 11 54
10 2 36
8 7 36
12 0 4
12 3 22
6 1 7
7 0 35
5 4 31
8 4 31
3 16 2
2 8 15
14 11 10
6 10 32
8 6 54
14 7 7
13 4 34
5 3 42
3 8 26
15 4 42
9 0 5
17 2 36
17 10 35
8 17 11
12 10 34
4 11 25
0 14 51
0 4 32
10 5 12
9 3 17
17 9 2
7 9 45
5 2 41
5 13 56
12 11 3
15 1 46
9 13 31
6 7 6
9 2 8
0 1 25
16 2 55
11 16 37
12 6 57
17 6 24
11 7 17
7 2 30
1 14 34
4 10 58
9 5 7
17 7 57
4 2 55
0 5 22
16 0 18
13 12 59
16 12 29
11 17 19
6 16 5
13 10 33
0 6 57
17 5 20
3 15 33
14 8 7
8 1 5
4 1 59
14 9 16
17 12 25
2 1 48
16 8 30
5 14 50
9 15 56
11 5 7
9 16 34
10 7 46
12 2 20
9 10 29
10 3 53
6 2 38
0 17 16
5 16 11
3 4 58
17 14 9
4 12 34
6 3 56
1 5 36
14 2 54
7 4 39
15 0 5
12 9 47
15 2 57
1 13 48
10 16 60
8 5 1
13 11 22
10 15 10
11 6 1
6 5 57
5 7 51
13 0 39
9 4 40
18 153
15
15
3
17
9
3
19
9
12
7
17
17
17
13
1
11
18
18
15 0 11
0 4 6
4 6 32
6 8 8
8 11 8
0 2 29
2 10 36
10 17 28
17 14 49
0 7 41
7 13 19
0 9 18
14 12 19
12 3 26
10 1 22
12 5 4
15 16 11
5 15 58
3 6 58
13 9 25
3 16 8
4 3 17
9 2 35
17 11 56
3 2 60
3 14 44
8 15 14
15 7 45
13 8 2
4 1 25
7 8 47
3 10 22
13 11 60
17 8 11
12 9 47
1 15 2
13 10 45
12 4 46
11 4 58
8 3 19
6 5 43
6 13 51
10 7 23
9 4 4
3 9 4
8 4 57
4 10 6
7 3 16
16 12 51
11 9 8
0 5 55
16 9 32
16 10 55
9 14 32
4 7 33
9 7 55
12 11 48
14 1 49
16 14 30
1 12 35
7 2 26
10 5 35
7 17 3
13 15 54
5 1 55
12 13 46
16 0 48
15 2 24
0 1 36
1 16 2
17 12 58
16 8 52
3 11 7
6 11 15
6 17 27
6 15 11
10 15 34
5 17 17
6 12 28
16 4 4
12 8 56
8 0 59
9 5 22
4 17 50
12 0 14
9 8 8
13 3 46
17 2 18
11 5 11
5 4 45
6 16 42
11 1 36
17 16 17
5 13 47
14 2 43
7 5 57
3 0 28
2 4 46
4 15 29
16 2 7
14 7 42
2 1 5
3 17 51
10 11 23
14 11 21
14 8 46
2 12 26
16 13 59
7 6 21
14 5 47
8 10 15
16 11 44
0 14 22
9 15 29
10 14 12
7 1 9
6 10 53
11 0 21
4 13 57
9 1 21
14 15 50
16 7 23
17 1 53
14 13 35
5 8 21
14 4 47
2 8 58
9 17 44
17 15 35
12 15 49
2 11 33
6 14 39
9 10 53
5 3 34
2 6 20
10 0 28
13 17 15
16 5 32
15 11 44
2 13 14
7 11 10
13 0 22
12 7 30
3 1 42
0 6 58
13 1 19
6 9 15
17 0 60
1 6 53
12 10 60
2 5 49
3 15 54
1 8 3
20 190
18
20
2
6
6
13
9
14
7
1
8
9
2
17
12
5
8
2
13
20
1 12 55
12 16 25
16 9 35
9 13 30
13 8 34
8 7 50
1 2 4
7 0 47
1 4 44
4 6 24
0 3 27
9 17 2
2 14 20
9 11 58
11 19 50
14 5 57
12 18 42
4 15 19
5 10 43
5 6 18
14 16 42
16 8 51
14 6 11
14 7 48
16 3 13
3 7 20
1 11 55
13 11 20
7 6 36
8 11 12
18 16 19
7 1 27
2 16 35
9 18 8
1 3 11
17 8 41
1 13 15
8 18 32
10 1 47
11 5 60
6 11 54
7 2 8
2 0 45
16 0 42
11 3 4
10 16 41
6 1 8
2 9 28
18 0 20
3 6 34
0 17 8
10 18 23
13 15 47
19 15 33
13 5 40
0 15 57
17 15 39
14 12 56
0 14 36
4 0 30
9 3 22
4 13 41
6 17 47
4 19 51
6 10 21
15 1 54
10 8 50
8 2 13
1 17 30
2 3 20
10 11 42
14 10 21
6 12 44
7 4 26
19 2 36
15 7 39
0 19 41
10 17 47
18 5 50
6 15 10
5 17 19
6 2 51
9 4 1
0 1 43
1 8 49
4 16 47
0 6 40
0 8 37
6 9 47
12 3 9
7 5 44
15 16 54
9 5 31
4 10 28
3 14 56
11 4 34
4 17 53
8 9 31
14 15 41
12 17 5
13 3 45
17 2 34
5 0 47
10 9 30
18 17 6
0 11 4
12 2 47
13 0 20
19 17 55
12 4 17
2 15 18
13 18 14
4 14 48
5 3 38
1 9 46
15 5 14
11 14 59
10 15 20
2 13 51
19 7 28
13 17 42
9 12 44
12 10 24
15 11 31
8 12 46
6 19 52
17 7 59
14 9 47
9 7 33
0 12 38
8 15 31
7 11 18
19 18 51
4 5 35
1 19 2
6 13 11
16 13 3
5 2 41
1 18 23
12 19 23
14 1 58
15 12 23
10 19 48
11 16 58
17 3 42
12 11 43
2 11 53
9 19 26
6 18 45
19 8 54
13 19 8
10 0 35
18 2 35
2 4 55
0 9 52
15 18 30
3 8 52
15 9 52
3 19 48
18 3 56
2 10 18
18 7 9
4 8 39
17 16 35
4 3 29
7 13 6
13 14 53
1 5 44
12 7 40
19 5 32
5 8 50
3 15 3
12 13 60
11 18 6
16 5 14
7 10 52
14 18 7
11 17 40
14 19 15
6 8 51
16 6 20
8 14 58
7 16 48
4 18 23
17 14 46
10 3 40
13 10 55
19 16 42
16 1 34
12 5 17
20 190
4
3
1
15
19
17
4
15
12
14
13
20
11
8
16
2
20
10
19
17
7 15 4
15 11 56
11 18 30
18 5 4
5 16 41
5 10 19
18 19 2
19 9 13
9 1 2
18 14 12
14 4 10
14 12 24
12 2 15
11 3 47
15 6 15
6 0 8
18 17 51
12 13 36
17 8 44
8 16 45
5 1 34
16 2 3
15 2 12
9 7 22
6 7 32
3 7 29
16 17 46
7 4 44
4 3 6
9 17 18
18 2 38
12 15 37
1 19 33
12 4 39
9 10 11
18 9 57
14 5 29
19 2 31
4 18 50
2 0 7
15 5 15
7 19 10
7 2 34
14 16 12
15 19 57
15 8 50
12 11 21
16 12 39
17 0 40
12 10 12
0 15 4
11 13 32
9 11 20
18 0 51
8 14 34
18 15 45
2 1 43
17 3 46
11 1 21
5 12 33
3 0 51
14 11 6
3 16 60
8 10 27
19 16 27
19 5 6
8 1 28
1 0 18
7 17 4
6 12 39
4 11 32
6 2 56
5 0 35
1 7 30
6 19 57
1 15 52
19 8 6
17 6 16
19 17 48
17 10 43
13 7 57
13 5 12
19 0 31
17 12 59
17 14 29
7 16 59
11 10 53
16 13 26
18 16 50
12 19 50
15 16 2
15 3 33
1 3 43
3 13 30
6 8 15
1 18 48
13 0 9
5 7 31
6 5 57
2 5 56
3 18 27
15 14 47
6 1 31
16 1 40
12 0 54
10 3 52
4 10 28
4 0 20
6 10 13
16 10 21
18 13 17
14 13 26
16 6 10
10 13 53
14 2 23
3 14 34
5 8 23
8 13 55
6 13 37
14 1 24
18 6 47
16 0 53
1 4 41
14 9 38
13 1 49
7 8 52
13 9 25
12 1 16
11 16 34
10 19 8
11 5 56
1 10 49
16 4 35
11 7 21
9 5 6
9 2 26
18 10 14
6 4 49
10 0 35
18 7 50
5 17 44
8 2 33
4 17 35
0 14 50
4 5 28
4 2 58
12 7 13
5 3 18
11 19 50
11 0 14
19 3 24
9 12 31
0 7 49
3 12 31
14 10 34
15 10 23
8 12 34
16 9 15
6 9 11
17 1 3
9 0 33
4 8 46
7 14 32
2 3 37
2 11 25
4 19 28
15 17 13
10 7 29
14 19 45
9 8 49
8 11 7
3 9 37
0 8 26
11 17 47
13 15 13
6 3 1
13 4 10
13 2 57
2 17 16
18 8 39
19 13 14
4 9 53
17 13 13
6 14 5
15 4 7
6 11 54
18 12 24
9 15 58
3 8 28
10 2 59
20 190
6
3
6
17
3
4
11
20
16
15
9
20
17
4
6
19
16
2
3
14
0 17 57
17 18 56
18 10 3
10 12 25
12 15 40
15 16 34
10 4 11
17 13 44
17 14 50
14 2 2
2 9 10
15 11 37
11 6 33
6 8 49
9 1 37
9 5 7
17 19 42
14 3 13
8 7 28
2 17 22
1 19 17
16 14 60
0 16 9
14 9 10
14 0 30
7 9 53
2 13 45
18 3 13
2 12 6
12 3 42
2 8 19
1 11 50
17 5 25
10 19 35
17 11 11
9 15 45
2 1 24
17 15 10
4 13 55
2 15 38
0 2 2
3 10 39
7 18 18
9 8 15
17 4 42
18 1 25
10 5 20
1 13 19
16 11 4
6 3 18
3 4 3
11 0 15
7 3 60
6 12 39
12 11 12
0 12 17
11 13 33
6 5 20
10 14 9
19 18 41
15 8 17
11 18 39
1 8 55
5 0 36
8 18 29
12 1 57
13 9 2
4 15 25
8 10 41
8 0 36
6 2 38
4 16 43
10 2 43
16 13 41
6 13 26
2 5 5
16 3 31
19 8 8
0 13 54
18 5 40
18 13 50
10 9 48
8 5 22
9 12 38
4 14 11
13 5 7
13 19 59
4 6 42
10 0 38
6 7 33
1 15 41
15 13 1
19 2 57
0 19 30
1 0 47
10 13 57
1 6 51
6 19 22
19 9 42
7 10 18
3 9 4
8 4 44
11 4 29
9 0 45
13 8 15
5 1 42
3 19 26
17 9 19
10 6 47
2 16 23
15 14 23
16 7 8
5 3 27
10 1 3
10 16 40
6 18 30
19 4 36
5 11 1
15 10 24
18 15 41
5 14 8
6 9 31
17 12 58
16 1 20
2 3 59
7 19 38
3 17 12
12 14 38
15 0 9
7 11 4
14 6 26
2 11 38
1 4 28
1 7 2
2 18 13
4 7 41
18 14 17
1 14 2
16 8 43
5 12 47
0 4 51
12 7 4
17 10 1
12 13 40
5 19 7
11 9 48
13 7 44
12 16 51
17 7 41
14 13 40
3 0 23
5 16 58
2 4 28
12 4 5
4 5 33
8 14 34
6 15 56
1 17 1
16 6 6
8 17 39
19 14 25
19 16 33
8 12 5
2 7 29
18 12 44
11 8 4
16 17 43
7 14 15
5 15 36
11 3 26
6 0 31
19 12 1
13 3 31
11 14 58
8 3 45
0 7 17
9 4 60
18 4 34
11 10 50
15 7 7
9 16 44
18 9 24
3 15 23
18 16 12
3 1 46
19 11 1
18 0 17
19 15 30
7 5 13
6 17 46
20 190
2
1
14
3
18
1
1
6
2
6
16
6
10
11
20
11
19
18
13
8
9 6 4
6 15 45
15 17 23
17 5 50
5 1 59
1 2 2
15 0 18
5 3 11
3 10 6
10 14 27
9 19 28
0 18 38
18 8 26
1 4 45
2 12 17
12 11 19
12 16 30
14 13 18
11 7 25
11 17 55
14 2 22
17 0 34
6 18 52
0 4 23
0 8 7
5 14 29
19 17 39
8 13 51
8 10 15
13 3 21
10 13 55
18 13 33
12 15 10
3 14 8
19 15 13
18 11 25
2 3 27
8 4 34
7 4 14
8 17 51
14 15 27
5 2 20
16 3 50
18 7 6
10 19 58
17 9 38
19 6 17
16 2 14
12 6 30
0 6 42
15 7 8
16 10 14
1 13 25
3 4 5
13 19 37
15 3 1
14 8 27
11 5 33
3 1 59
4 19 50
10 9 48
9 14 41
0 9 43
0 11 36
9 15 43
4 16 52
9 12 4
10 18 51
7 6 7
12 0 46
18 14 21
4 17 56
19 14 50
19 5 46
6 10 15
15 10 22
14 4 28
2 19 18
18 16 52
5 7 36
11 6 9
17 7 25
9 18 56
3 12 55
5 9 5
8 15 9
17 6 60
7 2 56
6 5 38
1 19 60
12 7 55
2 0 42
6 8 1
5 8 44
9 13 48
1 12 58
3 8 20
12 10 14
0 3 19
1 18 34
11 10 58
17 2 25
5 16 1
10 0 55
3 17 32
6 2 9
11 16 60
13 7 13
1 8 45
7 3 33
9 2 48
15 13 22
6 14 28
5 13 57
16 8 10
3 19 48
11 4 24
15 5 29
19 12 42
2 13 10
5 0 4
1 0 13
16 6 55
18 19 49
13 6 47
7 8 10
2 15 17
15 16 39
0 7 15
19 8 15
3 9 29
1 11 2
13 0 14
14 12 46
16 1 44
7 10 23
0 19 50
4 2 35
7 16 21
1 9 43
16 14 7
17 16 39
11 19 58
16 0 6
0 14 9
18 4 18
11 2 11
10 17 46
9 8 4
14 7 53
14 17 56
4 10 55
1 6 56
6 3 52
13 16 36
14 11 36
12 13 35
4 13 33
1 7 28
3 11 58
15 1 43
4 15 2
16 9 49
9 11 49
5 12 14
5 4 19
8 2 41
4 12 31
18 2 42
12 17 58
12 8 33
12 18 46
16 19 28
2 10 20
1 17 43
19 7 56
14 1 34
10 5 24
18 5 34
10 1 27
8 11 48
18 17 41
17 13 4
9 4 3
15 18 24
15 11 17
11 13 21
9 7 6
3 18 53
4 6 30
20 190
17
16
6
20
17
8
4
20
13
7
19
4
18
1
8
12
18
17
16
4
18 3 15
3 2 55
3 5 4
18 4 27
4 1 17
1 6 60
6 14 55
5 12 58
12 13 3
3 8 18
5 7 7
7 10 23
10 0 28
18 15 9
7 16 12
2 19 30
13 11 30
18 9 37
0 17 9
15 19 31
13 10 46
8 4 1
9 11 8
17 3 33
8 16 9
12 14 18
14 10 20
13 19 17
4 2 53
19 11 49
5 10 36
17 1 40
19 0 47
12 1 53
10 11 40
19 14 51
9 5 22
8 11 40
3 16 18
0 16 15
0 2 51
12 16 1
17 9 2
11 1 25
17 7 23
2 11 30
10 12 54
3 4 19
17 5 51
18 8 21
3 6 22
13 14 25
8 19 35
17 13 52
17 19 56
3 10 17
19 10 39
12 19 41
8 1 8
9 10 36
1 7 45
7 3 49
0 14 22
0 1 26
16 9 7
13 18 52
7 2 47
18 11 26
2 18 11
5 8 4
15 3 58
16 6 5
17 2 33
5 16 39
12 8 14
3 0 9
0 5 45
0 4 14
14 17 55
3 19 10
1 3 37
14 11 4
10 4 28
10 18 53
19 1 6
7 14 39
8 2 42
8 14 22
16 1 20
9 6 59
12 4 58
17 12 20
8 17 39
15 4 53
19 5 17
18 7 30
9 1 7
12 3 23
6 11 11
15 13 11
6 4 46
19 9 5
19 18 2
16 2 36
4 5 25
4 7 35
9 7 53
15 11 11
15 17 44
4 17 50
12 18 29
17 16 39
19 6 51
3 9 35
18 17 31
14 1 8
15 16 50
0 12 41
15 1 50
13 8 26
16 19 59
15 5 7
15 12 8
11 12 18
5 1 26
16 18 4
10 6 51
0 8 34
16 4 8
6 7 55
11 16 55
15 14 59
19 4 15
0 13 36
11 7 60
13 3 47
16 14 22
11 3 56
14 18 1
6 0 46
9 12 34
14 9 54
0 18 41
2 10 29
7 13 49
5 2 46
17 10 39
13 9 5
1 18 48
10 16 3
9 2 19
2 15 9
0 9 46
6 8 56
4 13 8
12 6 14
3 14 13
6 18 36
2 14 6
9 4 56
6 13 30
11 5 32
7 19 56
2 1 26
6 2 37
13 5 43
13 2 4
15 7 57
4 14 54
5 6 52
4 11 53
6 17 60
15 9 7
14 5 3
13 16 60
12 2 45
6 15 39
11 17 29
18 5 48
0 15 8
15 8 36
1 10 9
9 8 3
10 15 23
8 7 51
7 12 58
0 11 1
13 1 56
8 10 22
0 7 9
20 190
19
15
13
20
7
12
17
11
9
14
2
2
15
17
17
16
10
4
20
13
8 5 2
5 3 36
3 19 2
19 4 47
4 18 44
18 17 13
5 14 44
8 6 1
3 9 44
9 11 35
5 12 60
4 7 22
12 1 5
5 2 1
14 13 45
13 16 18
11 10 4
12 15 60
13 0 3
17 8 1
2 17 46
17 16 32
8 9 28
17 4 38
1 18 4
17 10 15
3 12 55
11 12 36
3 11 38
16 1 30
11 4 53
19 10 9
3 17 56
3 15 46
11 1 43
8 11 11
15 17 24
17 12 29
17 0 9
5 11 29
2 13 18
11 17 3
7 18 42
10 8 1
7 5 44
4 5 50
14 12 56
2 9 54
6 11 4
3 1 43
19 18 22
13 15 1
6 17 58
9 10 56
0 10 57
9 13 22
15 11 5
4 8 59
16 15 32
16 8 23
2 7 40
13 10 36
9 0 45
15 5 4
0 18 47
1 17 41
6 3 17
6 18 27
0 6 18
7 9 24
10 14 54
1 5 2
0 19 30
5 6 36
3 18 1
7 16 26
7 14 36
15 19 31
8 3 55
13 11 50
3 14 51
2 3 10
16 4 56
2 4 50
6 14 48
2 0 52
5 19 34
12 10 31
4 0 3
0 16 21
14 4 39
18 5 40
9 18 56
2 1 22
0 14 45
13 4 9
7 1 24
12 13 37
12 19 37
12 6 45
6 9 14
0 7 32
13 18 44
4 10 37
18 14 3
11 14 15
9 17 33
2 11 58
9 16 38
19 7 34
16 19 10
4 15 40
1 8 35
15 14 55
1 19 40
18 15 12
8 12 53
16 3 49
18 11 18
14 2 9
6 13 1
7 15 2
6 1 6
15 9 14
17 7 22
4 1 50
13 7 4
18 10 60
3 10 8
14 9 24
4 12 27
16 2 17
9 5 18
9 19 16
9 12 17
7 10 4
8 7 28
15 2 33
10 1 21
7 12 15
16 14 20
6 7 5
2 18 58
2 10 19
16 6 34
1 0 32
3 0 17
19 8 11
6 15 4
2 6 19
8 18 51
5 10 48
19 13 17
16 18 57
2 12 52
17 5 51
7 11 41
8 15 24
12 0 28
19 2 60
19 11 57
5 16 41
13 1 25
3 7 55
15 10 5
1 9 48
17 19 19
0 8 2
16 12 35
16 11 34
4 6 7
1 15 56
17 13 28
18 12 35
19 6 31
14 17 31
0 5 10
14 19 25
6 10 32
16 10 56
3 13 41
14 1 60
11 0 31
13 8 40
3 4 8
14 8 18
4 9 4
15 0 31
13 5 47
2 8 53
20 190
11
17
18
16
18
18
3
1
15
11
1
20
13
14
18
16
9
6
19
3
10 13 13
13 17 1
17 3 15
3 5 30
3 16 48
10 0 26
13 12 29
5 14 1
5 4 9
4 15 47
15 19 41
0 9 31
9 18 35
19 11 54
4 2 37
2 6 7
6 1 18
11 7 3
0 8 32
2 19 37
18 13 10
0 6 46
5 13 24
13 1 41
18 3 27
4 3 22
9 2 46
17 4 16
14 16 4
0 7 44
11 5 30
18 6 12
4 12 1
9 10 48
12 5 3
18 15 30
15 3 57
12 18 38
15 6 26
0 16 2
16 10 8
18 14 18
16 8 44
17 0 55
17 1 4
16 12 54
7 10 9
19 18 58
3 11 57
4 6 2
6 14 4
0 1 29
19 3 36
10 4 3
13 15 19
0 5 51
10 17 4
16 5 13
18 1 38
2 17 44
3 10 7
12 9 13
9 14 49
1 14 12
17 8 48
9 4 28
6 5 32
15 0 23
14 3 14
10 11 22
7 18 58
19 4 25
7 4 42
7 19 36
2 5 42
16 9 1
5 9 22
8 4 10
19 12 54
18 5 22
1 3 17
3 9 10
11 2 40
5 17 4
15 10 12
2 10 45
15 14 53
1 19 26
7 16 34
6 3 30
7 5 30
8 12 25
1 2 60
12 10 36
0 13 6
16 1 25
8 6 32
1 12 13
4 13 22
4 11 35
17 14 4
17 11 40
6 10 9
13 14 12
13 6 28
3 13 19
7 14 16
18 0 17
17 6 19
1 7 19
18 2 25
14 19 51
15 5 50
19 13 55
7 6 39
16 4 37
12 7 59
15 17 52
9 15 21
1 5 32
5 19 50
2 13 57
3 8 41
12 11 39
9 6 59
0 2 19
9 19 22
10 18 54
2 8 12
3 7 20
4 1 21
2 12 56
0 11 25
15 1 25
16 18 42
19 16 56
17 7 18
16 17 33
8 10 28
8 15 35
13 7 20
14 12 36
19 8 59
9 13 27
14 0 15
18 17 42
13 16 18
4 14 54
0 3 18
12 6 32
6 16 4
18 4 52
0 19 21
15 12 21
14 8 26
13 11 27
1 9 28
11 15 19
10 19 33
6 11 57
1 8 1
5 8 5
17 12 18
15 16 30
17 9 46
2 7 29
13 8 5
7 9 32
11 9 55
8 9 20
11 8 19
0 12 46
7 15 13
16 2 13
17 19 11
10 5 29
10 1 57
11 16 7
18 11 19
4 0 23
19 6 9
18 8 9
1 11 13
8 7 53
10 14 52
14 11 19
3 2 10
15 2 60
3 12 3
14 2 43
20 190
6
7
4
20
13
2
14
7
6
11
9
15
11
2
13
1
17
9
16
15
11 13 1
13 12 15
13 19 34
19 0 60
0 18 17
13 1 26
13 8 1
19 6 58
19 10 26
12 4 50
4 7 16
4 15 7
15 2 1
19 17 26
2 9 6
6 14 36
6 3 40
7 5 45
15 16 11
9 14 37
16 6 36
14 3 7
7 1 49
17 11 30
9 19 35
2 0 29
11 19 31
5 10 58
7 6 12
11 12 20
17 14 9
14 2 30
2 4 27
5 2 24
12 14 29
10 17 53
1 5 56
14 15 39
19 4 35
6 12 6
18 2 7
19 7 18
4 3 59
10 6 45
5 19 22
19 16 47
17 15 22
2 8 22
11 6 16
12 17 15
1 9 13
5 3 48
18 4 17
13 17 34
11 15 41
2 17 45
8 16 18
9 6 8
16 5 54
10 12 4
18 5 29
16 17 6
1 6 41
15 10 55
5 15 18
2 11 6
6 2 25
18 16 11
12 1 33
4 9 45
17 5 43
1 0 12
1 14 41
3 1 49
7 16 48
4 17 12
3 11 40
15 1 45
13 9 9
6 0 31
17 8 48
1 2 48
16 14 56
16 3 6
9 3 25
10 3 54
14 18 47
17 6 44
9 15 50
19 8 38
13 15 17
18 12 19
4 0 57
7 0 36
7 8 16
13 4 24
10 4 19
7 18 18
13 0 23
14 0 44
8 5 41
5 6 32
13 16 53
11 14 20
4 16 36
8 14 14
2 13 21
11 8 11
3 19 32
1 11 18
15 6 7
8 15 21
17 7 50
17 18 54
12 7 4
18 10 36
11 7 57
16 12 49
0 12 28
7 15 37
12 5 2
10 9 27
18 11 34
1 19 41
10 0 52
0 9 46
14 13 46
5 0 31
3 7 6
10 14 1
3 0 18
3 2 12
3 8 14
1 18 9
13 10 57
15 12 42
5 4 6
14 5 2
6 18 44
9 17 13
19 14 28
15 0 5
11 10 50
9 12 41
14 7 2
10 1 20
16 1 32
7 10 9
11 5 53
3 17 35
9 18 3
10 8 5
9 11 11
11 16 56
9 8 17
9 7 7
11 4 40
8 18 34
18 13 19
19 15 42
12 2 26
5 13 44
1 4 17
12 8 18
1 8 38
4 8 53
9 5 42
16 10 15
8 6 25
2 16 25
4 6 60
13 7 48
3 15 23
12 3 18
16 9 37
12 19 49
17 1 45
0 17 56
8 0 26
11 0 22
2 19 53
13 3 39
15 18 42
4 14 13
2 7 43
16 0 60
19 18 6
10 2 4
3 18 13
13 6 28
20 190
11
8
9
4
2
11
14
13
19
9
5
13
12
12
11
17
7
15
17
13
16 11 58
11 19 42
19 15 47
16 6 45
6 17 9
16 7 6
7 8 22
11 9 48
9 3 23
3 5 59
5 10 36
10 14 33
11 13 5
17 4 38
4 1 56
17 12 29
8 0 8
8 18 23
15 2 17
6 8 45
13 12 38
2 17 48
10 12 25
0 15 25
8 16 8
2 6 43
15 9 41
1 6 27
15 7 21
6 15 10
16 0 46
10 8 23
19 12 26
13 18 39
11 18 53
6 4 52
17 3 57
18 1 58
10 11 24
14 15 40
9 16 10
19 2 30
2 1 39
14 0 16
14 7 53
18 4 22
13 3 1
2 9 16
1 10 42
16 19 37
19 7 34
3 7 57
13 9 45
12 11 36
13 2 22
10 6 15
6 18 31
3 8 34
6 9 28
4 5 34
15 8 21
0 6 59
14 12 3
4 14 56
13 14 58
3 19 12
17 14 16
9 0 29
12 15 46
7 12 48
19 10 52
10 17 57
0 2 31
9 18 24
14 8 6
10 4 30
10 2 36
11 0 11
7 1 6
14 9 19
10 18 28
15 10 50
17 19 38
3 2 54
9 12 20
6 13 26
9 5 25
3 16 47
15 18 6
17 5 53
6 11 36
12 1 16
5 18 38
14 2 44
15 11 8
16 18 54
15 17 16
13 8 32
5 11 34
19 14 32
18 14 44
0 1 49
13 19 24
18 0 22
6 14 9
8 11 42
7 10 44
7 2 14
4 8 25
19 9 60
2 8 52
1 14 55
18 3 14
7 5 26
0 19 51
8 9 44
4 7 20
16 2 39
12 5 42
4 3 58
0 10 37
14 3 29
16 1 60
1 15 17
16 4 49
5 16 35
11 1 43
13 4 19
3 12 25
12 2 37
7 0 21
11 14 43
18 12 41
0 5 29
4 19 39
18 17 50
19 5 57
17 0 40
10 3 49
17 16 42
19 8 59
11 17 22
10 9 8
15 16 30
17 8 46
6 7 9
15 3 21
0 4 34
13 7 34
7 18 26
11 7 30
5 1 59
18 19 5
15 13 32
16 10 26
1 17 20
14 5 30
15 5 29
5 2 23
11 3 24
1 3 36
2 4 21
16 14 31
6 12 42
4 15 47
17 9 57
13 0 49
1 8 34
18 2 19
0 3 30
10 13 5
5 13 20
8 12 29
12 16 38
4 12 24
6 3 44
17 7 18
13 1 37
12 0 16
19 1 25
1 9 57
6 19 8
16 13 55
9 4 37
4 11 44
8 5 36
17 13 22
9 7 25
2 11 43
5 6 28
20 190
18
19
18
19
17
13
11
19
12
9
10
18
17
17
10
20
11
16
17
4
13 19 34
19 6 42
6 18 48
18 0 48
0 14 24
19 7 60
7 10 35
10 9 57
9 4 42
4 1 53
1 3 34
3 15 53
9 2 52
18 16 36
10 11 10
11 12 39
6 8 9
7 5 52
1 17 47
16 4 33
3 19 52
14 3 26
2 19 52
12 5 44
14 1 34
11 1 29
14 7 50
17 14 25
12 17 26
11 4 2
8 18 2
3 0 9
1 13 43
2 0 7
18 4 19
13 3 16
1 5 25
3 16 60
13 9 2
15 10 45
15 4 22
5 4 23
4 10 55
9 8 40
3 4 25
9 0 59
4 12 38
13 5 46
3 18 18
10 0 5
3 6 54
14 19 22
14 18 1
16 0 23
16 6 35
7 16 37
18 7 5
0 6 23
17 6 53
2 17 23
5 18 38
17 0 28
17 5 3
11 19 4
14 13 48
18 15 33
10 17 39
16 13 38
12 2 21
14 16 45
16 1 54
4 8 39
7 13 2
10 19 8
14 9 2
15 19 6
6 2 35
3 5 60
15 5 20
14 12 4
14 8 31
6 14 48
15 1 39
11 8 57
10 13 47
13 11 40
12 0 32
8 17 52
15 6 22
7 8 42
8 1 23
8 5 20
17 11 21
9 5 58
18 17 45
7 15 1
9 12 8
9 19 40
3 12 21
16 15 18
19 17 1
8 12 48
2 5 18
8 15 21
10 8 1
9 1 27
10 18 57
12 7 1
11 0 38
11 7 38
15 12 42
2 14 17
16 17 19
16 10 13
11 14 18
11 16 22
1 10 50
5 19 3
9 6 50
18 11 18
18 2 19
9 7 25
17 7 50
16 12 43
1 19 35
18 1 6
6 10 4
8 2 33
7 0 29
6 1 43
0 19 18
15 2 28
8 3 51
9 15 2
0 1 12
6 11 34
0 4 42
13 0 6
6 7 19
13 12 54
4 14 47
8 19 28
5 16 17
8 13 53
13 4 23
6 5 2
9 18 51
5 0 8
15 0 24
15 17 33
11 5 43
3 9 38
15 11 25
18 13 22
2 3 23
7 3 3
11 9 5
2 1 32
14 5 41
12 18 23
6 4 32
19 18 48
10 14 12
1 7 6
17 3 10
12 19 49
11 2 38
4 17 45
10 3 1
14 15 55
16 2 14
19 16 21
2 13 4
13 15 11
19 4 52
6 12 24
16 9 39
4 7 43
10 12 31
3 11 33
4 2 16
7 2 44
8 16 17
13 17 23
10 5 49
13 6 6
12 1 39
17 9 3
0 8 43
10 2 11
