60
10 9
12
14
1
15
14
10
15
10
11
19
0 7 14
7 4 6
0 9 4
9 5 14
5 1 10
1 6 1
4 8 12
4 3 4
5 2 5
10 9
18
1
16
14
8
13
11
4
16
7
6 0 6
0 7 12
0 5 7
5 3 2
3 4 9
4 8 11
0 9 9
7 1 8
4 2 11
10 9
13
2
15
18
7
8
11
19
19
11
6 8 3
8 7 3
7 4 14
8 0 8
6 1 2
1 2 3
6 3 3
3 5 7
0 9 1
10 9
6
8
9
14
17
7
7
6
5
6
4 6 3
6 0 7
0 5 10
6 2 8
2 8 15
8 3 9
4 9 12
3 1 13
8 7 5
10 9
11
9
2
6
11
13
9
3
18
4
2 5 11
5 3 5
3 9 7
3 8 11
3 1 4
1 0 12
1 4 4
8 7 12
0 6 11
10 9
17
13
12
10
19
18
11
14
1
17
1 3 6
3 6 12
6 8 7
8 2 6
1 7 5
8 0 2
0 5 9
5 9 11
9 4 7
10 9
14
10
2
19
13
2
6
2
15
12
0 2 5
2 8 15
8 9 10
9 5 6
0 4 14
4 6 10
4 1 7
1 3 7
9 7 5
10 9
7
9
9
19
4
20
10
8
6
1
2 0 1
0 6 2
6 7 6
7 1 5
7 5 8
6 9 10
9 8 5
1 4 11
8 3 15
10 9
18
20
2
18
15
14
2
14
8
15
9 8 13
8 2 1
2 4 2
4 6 15
6 3 7
4 0 15
2 1 13
1 5 12
0 7 4
10 9
19
18
8
12
8
15
4
10
2
19
0 7 2
7 1 4
7 5 5
5 4 14
0 9 10
9 6 15
4 3 9
0 2 15
0 8 11
12 11
4
13
18
4
14
10
7
19
19
19
7
13
3 11 11
3 7 7
3 4 9
4 0 13
0 9 3
9 2 12
2 5 8
5 8 13
2 1 15
4 6 14
2 10 8
12 11
5
8
20
1
17
18
9
5
5
9
2
20
6 0 9
0 7 1
7 8 8
8 9 9
8 10 9
8 4 12
4 11 9
11 1 12
6 2 4
10 5 8
5 3 15
12 11
17
17
3
18
1
4
3
11
3
12
4
16
9 0 12
0 6 15
6 8 11
8 3 4
3 4 3
4 11 9
11 5 6
11 10 12
10 7 6
7 1 4
1 2 13
12 11
9
2
7
4
11
4
12
5
12
20
1
10
4 7 8
7 11 4
11 5 12
5 2 12
7 8 8
2 6 1
5 10 12
2 9 14
5 1 2
8 3 12
5 0 8
12 11
20
15
4
6
12
17
18
16
19
4
7
16
0 6 10
6 3 11
3 1 10
0 10 10
10 11 8
0 5 2
5 7 15
5 8 3
8 9 14
7 4 13
4 2 14
12 11
7
2
4
4
15
13
20
7
17
1
4
19
6 8 5
8 1 7
1 2 4
2 3 6
8 5 2
5 10 15
5 11 13
11 0 9
6 7 1
5 4 7
0 9 8
12 11
20
4
2
3
2
18
6
2
16
7
18
2
10 5 6
5 8 14
8 1 15
1 0 12
0 4 6
4 6 9
1 2 13
2 9 1
6 3 7
5 7 10
5 11 5
12 11
10
13
18
15
18
2
11
17
4
4
7
13
8 6 5
6 1 12
1 10 14
10 0 1
10 11 15
11 4 1
0 9 1
9 2 9
2 5 1
8 7 11
4 3 5
12 11
8
9
13
7
15
9
12
14
10
9
18
5
0 4 15
4 9 1
9 10 1
10 8 4
8 2 5
10 11 2
11 7 4
7 6 6
6 5 2
8 3 11
7 1 12
12 11
18
13
14
18
18
15
11
8
5
18
3
5
8 7 13
7 3 8
3 6 15
6 5 15
6 0 2
7 11 12
11 2 2
11 10 10
10 1 5
8 9 14
0 4 3
14 13
1
15
16
14
5
17
11
19
16
10
12
1
12
16
3 11 12
11 7 4
7 5 13
7 0 1
7 6 2
6 10 3
10 9 10
9 1 15
10 12 14
11 4 14
4 13 3
10 2 1
13 8 1
14 13
14
17
2
10
13
17
4
2
13
7
14
17
17
11
5 9 4
9 3 3
3 12 12
12 6 14
6 7 5
7 8 10
8 0 7
9 13 14
5 1 4
9 2 7
6 11 3
3 10 14
0 4 6
14 13
16
20
17
5
4
13
14
16
1
7
1
5
10
1
3 12 15
12 11 13
11 1 1
12 8 12
8 13 2
13 5 11
13 7 12
7 9 13
7 0 3
13 10 12
7 2 6
1 4 4
11 6 4
14 13
17
4
7
4
1
11
8
9
3
11
16
10
9
2
0 9 12
9 5 5
5 13 7
5 3 1
13 2 3
13 4 3
4 8 2
8 12 4
12 7 1
0 11 10
3 6 11
5 1 3
11 10 10
14 13
11
7
9
13
6
18
9
1
12
2
9
17
14
3
11 7 8
7 6 10
11 0 9
0 1 2
1 3 3
3 8 7
8 2 5
0 13 9
3 4 11
4 12 14
7 9 10
7 10 8
10 5 5
14 13
13
3
6
19
5
3
17
11
12
4
18
19
3
12
13 4 3
4 10 11
10 6 10
6 9 10
9 8 9
9 0 12
0 11 9
9 5 2
5 2 1
8 1 13
5 12 14
10 3 14
8 7 1
14 13
14
2
5
13
12
19
5
19
7
11
10
7
17
3
0 13 11
13 11 14
11 12 3
12 8 8
8 4 10
13 2 11
11 6 2
6 9 3
9 1 12
1 10 10
1 3 15
3 5 2
0 7 6
14 13
12
9
6
6
2
6
10
2
19
11
1
17
7
16
11 13 13
11 2 3
13 7 10
7 8 12
7 9 8
13 10 13
8 6 9
6 12 9
11 5 14
9 0 5
0 3 13
7 1 7
9 4 6
14 13
11
19
10
6
17
11
17
18
20
10
14
9
2
14
4 6 3
4 2 7
6 10 10
10 5 4
5 3 7
3 12 11
4 11 15
3 9 13
9 8 4
8 13 13
9 1 15
1 7 2
6 0 15
14 13
16
2
11
10
15
14
15
19
10
10
8
9
20
1
3 0 8
0 10 1
10 5 9
5 1 12
1 12 13
12 6 15
0 2 4
0 11 12
3 7 8
11 9 3
2 8 15
3 13 1
8 4 7
16 15
9
10
8
18
10
18
16
4
14
1
12
1
14
18
19
20
13 14 11
14 8 10
8 6 13
6 15 6
15 12 3
12 4 3
4 5 5
5 10 15
10 9 7
15 2 10
6 0 15
9 3 3
0 11 4
0 1 9
13 7 15
16 15
3
17
20
15
1
15
7
3
6
12
15
9
13
4
3
10
6 3 13
3 10 9
10 14 10
14 12 10
12 4 3
4 11 1
11 15 12
12 9 10
9 0 12
0 1 6
6 7 8
10 8 7
12 5 1
7 13 9
14 2 1
16 15
4
16
1
18
15
8
8
19
10
11
16
18
17
5
10
4
4 11 11
11 15 8
15 3 8
3 6 3
6 5 7
4 0 13
5 2 4
2 10 6
2 7 4
7 12 6
10 8 10
12 9 6
9 13 5
4 14 8
9 1 14
16 15
4
5
7
12
9
9
18
2
19
16
14
7
11
14
2
7
14 5 9
5 13 1
13 7 12
13 3 15
3 15 5
13 0 13
0 2 5
2 6 2
13 12 12
12 10 15
6 9 5
10 4 7
14 1 12
2 8 2
4 11 8
16 15
16
12
14
13
14
14
7
4
11
8
13
19
3
15
2
6
10 15 15
15 7 11
7 1 9
1 2 1
2 13 2
13 5 11
5 6 9
6 4 11
4 14 5
1 0 15
10 9 8
14 11 9
11 8 15
2 3 6
2 12 9
16 15
9
16
4
8
1
13
7
7
15
6
2
19
14
20
12
12
5 9 13
9 2 14
2 7 5
2 15 10
15 11 5
9 3 1
3 10 1
10 13 6
13 6 15
10 8 4
8 0 11
13 14 9
10 4 10
4 1 2
15 12 7
16 15
7
15
20
2
3
5
14
11
19
12
3
19
9
16
4
8
11 3 3
3 9 14
9 2 11
2 15 9
15 14 9
14 8 5
8 6 12
15 1 11
2 12 12
3 10 5
10 7 11
1 5 6
11 0 4
0 4 10
11 13 1
16 15
5
12
11
12
2
5
2
12
7
15
8
19
10
6
14
10
9 13 7
13 14 8
14 2 11
2 4 14
2 8 4
8 15 4
15 12 1
12 5 9
5 11 7
14 1 2
1 0 9
13 3 14
1 10 5
9 7 7
5 6 3
16 15
15
15
5
7
2
14
8
7
13
15
12
1
19
6
7
4
14 6 14
6 3 3
3 2 7
2 4 11
2 10 10
10 9 2
9 0 1
0 8 12
8 13 13
3 1 7
0 5 6
14 12 13
2 7 14
3 11 6
2 15 2
16 15
3
19
11
5
5
14
14
4
14
16
1
11
6
19
15
4
9 5 6
5 2 9
2 1 12
5 14 10
14 4 5
4 7 13
7 13 9
2 8 6
8 15 4
15 11 9
11 10 7
10 6 4
10 12 13
1 0 12
4 3 14
18 17
6
15
5
2
13
10
11
17
8
13
9
7
10
4
19
11
15
4
10 9 14
9 6 3
6 17 14
17 14 7
14 4 10
4 8 15
8 12 15
17 1 9
1 5 5
10 16 11
16 7 8
5 2 4
12 15 6
5 11 9
9 3 10
16 13 3
11 0 11
18 17
12
12
7
3
9
11
17
11
1
15
15
7
6
15
18
7
8
14
6 9 11
9 1 14
1 10 15
10 17 14
17 8 14
8 5 15
6 11 7
11 16 12
5 4 2
6 13 6
4 0 3
0 7 5
8 12 6
7 2 7
2 14 2
6 3 4
2 15 14
18 17
9
7
16
14
19
1
14
14
13
8
11
18
2
13
15
12
20
19
1 14 3
14 5 2
5 13 7
14 11 10
11 8 4
8 10 14
5 15 11
15 7 11
13 6 7
5 3 6
13 4 10
4 0 15
6 2 2
3 17 3
17 9 15
0 12 4
7 16 14
18 17
20
8
7
10
8
12
7
18
16
18
5
2
3
20
17
15
3
8
1 2 13
2 7 10
7 3 9
3 15 5
15 17 8
17 5 5
5 14 8
5 10 14
10 16 7
7 13 7
3 12 5
10 11 2
11 4 7
1 9 5
4 8 9
15 6 2
6 0 6
18 17
1
2
7
4
1
17
4
17
19
11
8
11
18
16
3
5
3
3
5 16 6
16 3 1
3 7 11
5 13 15
16 9 4
9 0 8
0 11 10
11 4 7
4 8 7
8 10 5
0 1 14
8 2 9
2 6 13
6 14 3
6 15 7
8 12 3
11 17 1
18 17
2
1
14
4
4
12
11
6
16
18
6
9
20
5
16
15
10
13
12 15 1
15 0 12
0 6 1
6 3 15
3 7 12
7 4 1
4 5 9
0 14 5
14 9 10
9 17 12
0 10 14
6 1 10
3 16 15
12 8 6
8 2 15
12 13 7
3 11 1
18 17
11
17
10
16
3
16
16
20
1
11
12
15
15
7
19
16
7
15
16 17 10
17 12 3
12 15 1
15 8 10
8 13 7
12 7 7
7 1 1
1 2 12
2 11 14
11 0 12
13 10 6
10 5 14
5 3 2
3 14 5
1 4 1
1 9 10
5 6 10
18 17
17
5
1
13
20
20
5
12
19
13
7
4
6
17
15
14
12
1
8 4 12
4 16 5
8 3 9
3 5 4
5 9 2
5 12 3
12 14 2
14 6 13
4 2 11
2 1 10
1 11 13
9 0 1
0 17 9
6 10 15
9 7 15
4 15 5
8 13 9
18 17
2
7
10
4
4
10
13
3
19
7
17
11
9
20
14
20
6
14
16 13 2
13 2 12
2 14 7
14 11 6
11 17 3
17 15 13
16 9 11
16 8 11
8 6 11
6 10 1
2 5 8
6 4 14
16 12 7
12 3 5
5 0 8
6 7 7
5 1 5
18 17
16
2
13
2
16
20
19
10
9
5
15
1
12
19
17
1
5
18
11 9 15
9 10 1
11 16 5
16 13 12
13 15 3
15 2 9
2 12 10
9 0 5
11 5 2
5 4 15
4 8 15
8 17 15
2 1 13
16 14 12
14 6 4
5 7 3
2 3 3
20 19
4
16
19
8
10
4
9
13
14
14
5
18
20
5
9
7
18
2
14
14
7 12 7
12 18 14
18 14 2
14 4 4
4 11 6
12 19 10
19 17 5
7 10 2
14 8 13
11 2 10
4 3 7
3 1 6
8 9 7
9 5 15
5 6 9
10 0 8
11 16 14
11 15 10
11 13 14
20 19
13
4
18
15
9
10
3
3
3
19
18
15
7
2
13
1
5
20
1
5
14 7 3
7 13 13
13 5 7
5 10 1
10 2 6
2 9 11
9 18 8
18 1 6
1 16 10
16 6 13
2 15 14
15 8 7
10 0 14
7 11 3
11 4 5
14 17 14
9 3 4
2 12 10
18 19 8
20 19
14
20
18
8
9
7
8
16
4
4
20
7
15
12
9
16
15
19
2
3
0 6 13
6 9 10
9 10 8
10 17 2
17 11 9
11 3 11
3 13 9
13 4 7
4 5 2
5 16 4
17 14 2
10 2 4
11 19 6
16 8 3
8 12 9
11 15 2
3 1 10
10 7 8
7 18 3
20 19
18
20
18
16
14
1
16
1
20
16
16
7
9
15
8
5
3
19
2
5
6 16 6
16 13 13
13 19 7
19 4 1
4 11 12
4 17 10
6 3 11
11 10 5
10 8 7
13 5 11
5 12 14
3 1 15
6 2 14
2 18 5
11 15 10
17 0 10
11 9 6
16 7 2
0 14 3
20 19
14
16
1
12
20
2
20
13
7
14
20
14
2
18
5
5
4
10
11
4
13 11 14
11 14 7
14 18 8
18 3 2
3 15 13
15 7 3
3 8 5
8 6 7
6 1 8
1 4 8
4 17 15
17 10 7
10 16 10
10 19 5
19 5 4
16 0 15
1 2 1
7 9 6
16 12 15
20 19
2
19
16
10
20
8
8
12
17
15
5
10
20
9
1
6
20
20
6
4
10 15 4
15 4 5
4 7 10
7 14 3
14 2 15
2 13 3
13 1 7
1 8 2
7 12 13
1 18 5
18 0 2
0 19 13
2 5 8
5 17 2
8 11 11
17 16 7
8 3 5
11 6 6
6 9 6
20 19
18
17
2
10
14
15
20
1
20
4
14
20
3
11
12
3
16
12
9
2
15 1 12
15 7 13
7 18 2
18 8 8
8 11 2
1 12 7
12 16 10
16 13 10
13 2 7
16 10 12
18 3 6
3 17 2
7 9 11
16 5 3
5 14 14
14 19 14
12 4 7
4 0 8
9 6 6
20 19
16
16
19
13
15
7
19
7
4
6
12
17
18
4
20
5
19
19
10
16
15 12 6
12 9 7
9 2 6
12 17 13
17 14 4
14 0 2
0 6 1
6 1 7
15 5 4
5 7 6
15 16 11
5 19 14
1 10 10
5 11 14
11 18 8
6 13 8
9 4 13
9 8 8
19 3 7
20 19
12
7
9
17
13
19
14
10
9
1
17
5
4
18
15
7
1
15
18
14
19 16 3
16 3 8
3 9 11
9 15 13
15 0 14
15 5 9
5 18 12
3 1 14
1 4 2
4 10 2
10 12 2
15 11 7
10 14 9
0 7 12
18 8 10
12 17 8
16 13 13
14 6 5
19 2 14
20 19
3
8
11
16
2
17
6
11
8
20
15
20
4
12
18
5
2
19
7
12
15 11 4
15 17 1
17 4 14
4 19 11
19 16 12
16 0 6
16 9 13
9 2 10
2 8 14
11 7 11
0 3 2
19 1 9
1 13 15
11 18 14
2 5 5
5 14 10
13 6 15
6 10 1
2 12 2
