60
10 9
18
18
8
2
14
2
2
1
1
18
5 7 32
7 0 27
0 2 32
2 6 50
6 8 23
5 1 46
1 9 33
9 3 46
1 4 18
10 9
2
16
11
4
19
7
11
15
12
20
2 7 45
7 6 21
6 3 35
3 9 31
9 1 23
1 8 54
8 5 44
5 0 29
8 4 54
10 9
6
19
12
14
4
5
11
2
15
17
6 1 32
1 4 25
4 2 37
2 0 31
0 9 45
0 7 43
7 5 44
4 3 48
5 8 52
10 9
16
20
7
12
8
16
10
6
3
17
4 3 24
3 2 25
4 8 23
3 6 57
2 5 19
5 1 37
3 9 22
1 7 42
2 0 45
10 9
17
5
8
12
1
18
12
9
18
2
4 5 22
5 8 60
8 0 23
0 1 19
8 3 16
3 2 50
3 6 29
5 9 57
4 7 40
10 9
19
17
18
8
15
19
8
11
6
3
1 7 33
7 4 34
4 9 26
9 0 28
0 6 36
0 3 48
3 8 47
7 2 47
7 5 46
10 9
18
13
7
12
6
19
12
10
19
20
9 3 18
3 8 41
8 1 52
1 2 19
2 4 45
2 7 26
7 5 24
5 6 33
7 0 46
10 9
9
2
4
14
12
2
16
17
14
2
6 3 52
3 8 21
8 5 52
5 9 28
9 7 43
9 2 25
5 1 36
7 4 59
8 0 20
10 9
10
12
5
1
20
16
13
7
2
12
3 0 55
0 2 21
2 5 49
5 6 18
6 4 45
5 1 53
4 7 51
6 8 29
2 9 35
10 9
12
12
4
5
3
20
18
20
11
2
3 7 29
7 1 17
1 6 42
6 8 31
8 2 39
6 5 35
2 0 23
3 9 23
1 4 59
12 11
3
14
20
3
15
5
18
17
4
12
1
6
3 4 58
4 11 36
11 8 50
3 9 55
9 0 51
11 5 40
5 6 53
6 1 36
8 10 25
11 2 32
1 7 57
12 11
4
6
6
14
6
13
9
13
18
4
1
6
8 6 51
6 2 40
2 0 58
0 7 43
7 5 38
5 9 53
9 11 22
7 10 27
10 1 50
1 4 54
11 3 28
12 11
20
19
9
19
13
10
16
13
7
17
13
2
3 0 17
0 7 30
7 9 42
7 6 26
6 5 21
9 4 37
4 2 60
5 11 28
11 10 27
6 1 29
7 8 59
12 11
16
10
10
10
8
9
17
5
17
15
19
11
4 1 21
4 11 56
11 10 54
10 0 43
0 7 53
7 2 47
10 9 45
4 5 16
5 3 43
0 8 32
4 6 41
12 11
17
16
20
19
7
14
10
3
5
9
12
7
8 3 25
3 2 52
2 0 36
3 5 24
8 7 41
2 1 37
8 6 24
1 4 37
1 9 45
9 11 51
5 10 24
12 11
17
17
2
5
16
2
17
12
15
11
19
15
2 9 19
9 10 21
10 4 41
10 8 42
8 7 19
9 0 28
7 3 45
4 5 58
5 11 53
4 6 21
7 1 58
12 11
12
16
14
9
7
6
5
2
1
9
16
10
6 5 55
5 7 17
7 4 22
4 9 33
9 10 28
10 0 60
0 8 38
4 1 57
1 2 60
6 3 46
3 11 58
12 11
10
1
13
12
3
9
1
5
17
20
18
4
11 3 24
11 1 44
1 7 58
7 10 48
10 4 27
4 8 56
8 0 32
10 2 42
1 5 18
1 6 60
6 9 56
12 11
11
11
3
17
7
1
13
13
20
12
7
12
10 4 27
4 9 55
10 6 60
6 2 40
2 3 29
3 7 16
7 11 28
6 1 48
2 5 59
1 8 44
2 0 47
12 11
1
4
13
9
7
15
2
4
3
10
15
5
7 1 16
7 9 22
9 11 51
11 10 33
10 4 36
4 2 48
2 3 48
3 0 31
2 6 31
3 8 30
0 5 41
14 13
17
9
2
18
19
9
18
11
19
15
11
19
8
4
10 5 33
5 4 51
5 13 58
5 8 27
5 2 17
2 1 17
2 6 44
6 3 55
4 11 52
11 7 47
7 9 40
5 12 20
1 0 53
14 13
14
13
15
7
4
10
17
6
1
19
8
14
7
6
1 5 26
5 4 59
4 0 57
0 10 45
0 8 22
8 3 59
3 6 19
4 2 21
1 7 18
1 11 48
8 12 22
5 13 29
13 9 34
14 13
12
2
16
7
6
6
9
20
3
8
6
15
11
18
4 13 47
13 8 22
8 5 58
5 0 51
0 6 50
8 12 47
12 7 44
7 11 49
5 3 29
3 2 18
4 1 41
3 10 46
7 9 34
14 13
1
5
12
6
9
19
8
19
3
3
3
15
4
12
12 6 42
6 3 28
3 4 52
4 13 23
13 10 59
10 11 35
11 9 44
4 2 31
12 5 51
5 1 36
4 0 45
11 8 50
2 7 50
14 13
2
17
9
8
4
13
11
6
14
12
16
2
16
16
1 5 25
5 7 42
7 3 31
3 11 47
11 8 46
8 2 55
2 4 57
5 10 59
3 9 31
10 13 40
9 12 26
11 0 26
13 6 35
14 13
19
3
4
12
7
2
12
2
16
17
6
5
19
4
4 3 16
3 0 30
4 1 55
3 8 24
8 2 19
2 10 29
10 11 38
11 6 47
6 12 53
0 5 37
4 13 58
6 7 51
10 9 21
14 13
20
15
3
6
19
17
14
18
8
17
16
14
19
4
10 0 29
0 4 50
4 5 47
5 1 19
4 9 27
9 8 17
5 13 49
13 6 22
6 3 51
4 2 25
2 12 58
3 11 17
3 7 53
14 13
11
14
6
2
9
14
4
12
2
15
2
13
5
19
5 3 29
3 12 17
12 10 35
10 13 23
13 0 25
0 6 25
6 7 35
7 4 21
4 1 55
5 8 33
7 9 36
13 2 19
3 11 27
14 13
15
8
2
16
15
3
12
14
7
10
17
14
14
11
2 7 17
7 9 17
9 10 21
10 5 39
10 6 31
6 4 42
4 13 27
13 11 22
11 1 56
7 3 42
3 0 19
0 12 38
6 8 36
14 13
14
11
20
17
14
13
13
7
1
18
14
4
17
11
4 6 50
6 9 41
9 0 22
0 1 50
6 3 34
3 12 57
12 5 42
3 8 43
1 10 25
10 13 46
10 2 26
5 11 39
11 7 29
16 15
15
16
20
14
17
8
16
15
8
7
10
13
4
14
2
15
0 4 56
4 11 26
11 2 30
2 5 47
5 7 20
0 13 56
13 8 56
5 10 53
10 9 23
9 6 40
6 1 60
7 3 50
1 12 29
11 15 37
13 14 39
16 15
15
10
11
5
10
6
4
5
6
11
7
8
5
16
20
7
0 14 17
14 7 43
7 11 41
11 9 27
9 1 26
1 3 57
3 8 28
8 6 49
3 15 34
11 5 25
5 4 38
14 10 16
14 13 26
0 2 58
13 12 35
16 15
18
20
18
6
2
2
16
13
9
14
10
12
12
19
1
2
14 9 29
9 7 20
9 11 60
11 1 43
1 3 54
3 13 23
13 10 23
13 12 31
7 8 31
12 0 22
0 15 45
12 4 46
4 6 57
4 2 29
13 5 26
16 15
19
3
15
4
18
17
20
12
8
10
7
15
11
14
18
4
10 11 37
11 3 56
3 15 33
15 12 40
12 9 32
9 0 17
0 5 54
3 6 37
10 2 45
15 8 23
9 1 21
1 13 31
12 7 42
7 4 41
2 14 23
16 15
3
4
3
17
20
13
12
12
11
6
20
9
11
8
17
1
10 9 41
9 13 47
13 8 28
8 15 23
15 12 59
12 4 32
13 3 34
8 2 31
10 11 47
12 0 27
4 1 21
8 14 37
12 5 21
11 6 60
15 7 29
16 15
15
7
9
5
4
12
1
10
20
16
15
13
1
14
19
14
2 9 34
9 12 31
9 7 40
7 1 50
2 8 43
8 3 22
3 14 48
7 0 22
7 5 25
0 10 17
5 13 44
12 11 47
11 15 39
15 4 36
12 6 60
16 15
8
19
1
15
20
2
1
8
20
2
6
4
14
15
12
4
6 14 47
14 7 17
7 15 44
15 9 21
9 12 37
9 13 43
9 8 55
6 4 25
4 5 41
5 3 57
4 10 28
7 0 20
8 2 37
12 1 45
10 11 25
16 15
4
12
12
16
7
6
2
20
13
5
17
14
15
5
7
10
14 10 32
10 2 42
2 13 28
10 11 45
11 6 53
6 4 17
11 0 54
11 12 26
14 5 46
5 15 43
2 1 32
5 9 28
12 3 19
0 7 17
0 8 50
16 15
17
4
12
15
10
10
19
9
9
1
14
17
14
9
8
8
12 15 53
15 1 18
15 14 57
14 10 43
10 4 46
4 7 55
7 8 38
7 3 38
3 9 23
14 6 58
6 11 40
11 2 56
4 13 55
8 5 51
14 0 28
16 15
1
5
15
17
3
19
11
11
13
13
11
2
2
16
15
1
12 2 19
2 1 41
2 10 58
2 14 51
12 8 58
8 5 28
10 13 49
5 7 19
5 0 32
14 6 48
2 11 39
12 9 26
10 4 59
2 15 37
0 3 25
18 17
20
1
9
16
16
13
18
9
9
20
20
18
20
4
6
19
18
12
5 2 55
2 1 52
1 6 60
6 11 42
11 9 25
5 16 26
11 14 28
2 12 45
12 13 54
13 15 59
5 4 31
4 3 55
3 0 34
16 17 26
0 8 29
8 10 30
11 7 39
18 17
16
14
5
14
15
15
3
6
19
3
10
8
15
11
10
18
9
10
3 11 38
11 10 16
11 13 46
13 1 36
3 5 16
5 6 29
11 16 58
16 17 35
17 2 38
2 0 50
17 7 31
16 15 33
10 9 53
9 14 47
7 4 34
17 8 58
8 12 25
18 17
3
2
4
16
9
8
14
9
10
4
18
12
12
16
4
4
8
15
16 9 41
9 17 55
17 0 39
0 2 16
2 11 21
11 3 22
0 13 39
3 4 36
4 10 23
11 6 30
2 15 59
2 7 39
7 1 22
15 12 51
16 14 22
15 8 48
13 5 26
18 17
10
10
19
19
13
13
8
9
10
9
15
3
17
13
5
7
19
5
10 16 27
16 14 16
14 3 26
3 12 54
16 0 39
12 11 49
11 2 23
11 17 55
17 4 34
4 7 18
12 13 26
13 8 57
8 9 34
9 5 57
16 1 42
1 6 37
8 15 49
18 17
2
1
10
14
10
1
7
1
8
2
11
18
2
15
9
15
5
12
12 3 24
3 7 60
7 10 28
10 5 40
5 11 46
11 15 53
5 4 57
4 14 21
14 0 57
0 6 58
6 1 44
1 13 56
10 2 41
3 9 31
1 17 59
13 16 28
6 8 37
18 17
11
11
16
6
14
1
7
2
19
7
4
8
1
5
4
6
16
4
11 9 25
9 0 28
0 17 44
17 13 24
13 10 35
10 12 39
12 3 36
11 4 46
4 7 47
7 15 59
17 1 18
1 2 34
7 16 27
2 6 34
6 5 44
13 14 56
7 8 56
18 17
18
3
3
4
9
18
16
2
11
8
8
16
17
14
2
12
18
4
9 14 59
14 4 37
4 16 37
16 17 31
17 2 44
16 12 26
12 6 47
2 0 21
2 7 33
12 15 58
4 1 29
0 5 29
5 13 29
12 10 43
4 8 57
5 11 49
10 3 33
18 17
4
10
20
2
3
17
16
18
2
4
2
18
16
2
17
5
11
7
13 4 22
4 15 57
15 5 31
5 9 38
4 3 35
13 16 46
16 1 54
1 14 23
14 0 23
0 2 33
14 12 24
1 11 52
11 17 19
11 6 59
6 7 48
6 10 21
7 8 34
18 17
2
16
5
7
2
6
8
15
6
15
6
9
20
13
4
7
18
9
8 17 19
17 9 33
9 6 28
6 16 32
16 15 59
15 5 56
5 10 60
10 7 16
17 2 28
9 3 60
3 4 30
4 13 32
13 14 22
4 0 51
15 11 21
11 12 31
12 1 38
18 17
4
4
1
15
9
17
15
3
5
13
9
11
14
10
6
10
19
4
10 7 40
7 6 50
6 12 49
6 13 60
13 2 54
2 15 53
15 1 40
1 16 21
2 3 46
6 11 31
11 4 46
3 14 19
10 0 46
16 17 54
4 8 29
1 5 60
1 9 60
20 19
16
5
3
6
14
13
20
3
13
6
7
19
12
18
8
17
19
13
4
15
8 19 57
8 12 31
12 6 59
6 17 34
17 2 52
2 10 24
10 18 37
18 13 18
13 16 18
8 4 30
13 3 43
3 7 29
2 11 44
17 1 16
11 0 29
0 15 29
13 9 53
17 5 34
6 14 55
20 19
12
14
9
14
7
2
20
11
10
12
14
20
13
8
20
17
3
16
5
2
18 14 45
14 7 43
7 19 21
19 17 23
17 6 52
18 13 25
13 5 39
5 2 46
2 12 26
7 8 59
8 4 20
4 9 31
5 0 32
4 15 42
17 11 33
11 3 48
2 1 30
3 16 40
4 10 31
20 19
15
1
3
11
13
8
8
16
10
15
3
9
4
18
12
13
1
8
17
20
10 1 59
1 17 40
17 19 36
19 12 20
10 5 29
17 8 34
8 3 54
3 6 50
6 13 18
13 9 28
10 18 18
1 4 29
5 14 50
14 0 30
18 7 17
8 2 23
14 11 31
13 16 54
0 15 59
20 19
16
10
13
3
3
12
1
10
9
14
19
7
10
9
5
11
8
3
6
14
16 10 48
10 1 36
10 9 41
9 5 33
5 0 39
0 18 59
18 4 28
18 8 42
8 15 60
9 17 42
4 2 44
2 13 17
17 7 26
7 14 24
10 19 47
19 11 60
4 12 24
8 3 28
3 6 45
20 19
4
1
18
18
17
19
1
9
6
1
11
19
8
11
18
12
12
18
1
1
9 15 19
15 8 57
8 16 24
16 17 27
17 5 57
5 10 34
10 11 23
11 13 54
13 7 44
10 4 48
9 1 22
13 18 16
9 3 49
16 6 44
16 14 21
17 0 59
10 12 57
1 2 46
11 19 23
20 19
6
3
5
20
14
13
20
1
18
18
12
2
13
18
1
4
4
18
16
8
7 13 40
13 0 27
0 9 19
9 2 36
2 4 58
13 12 24
12 17 20
17 14 34
14 19 24
9 5 60
17 18 59
2 16 40
5 3 18
13 15 49
12 1 52
4 11 59
15 10 54
2 6 31
6 8 59
20 19
17
10
16
5
11
4
15
20
10
14
9
19
14
10
5
17
17
1
4
16
9 0 44
9 6 46
6 1 59
1 18 52
1 2 39
2 3 48
18 4 50
4 15 36
15 11 42
11 14 22
14 19 21
4 13 58
11 12 24
12 8 24
9 16 33
18 10 52
6 17 32
13 5 39
11 7 24
20 19
14
15
6
2
3
1
15
9
9
14
4
4
16
5
19
18
3
18
20
15
14 6 28
6 15 34
15 0 16
0 11 37
11 5 17
5 18 17
5 10 45
11 13 28
13 3 41
3 7 42
7 9 22
18 4 34
4 16 52
4 8 32
18 17 22
17 19 21
15 12 36
0 1 25
7 2 34
20 19
7
13
18
15
10
2
4
3
7
16
14
20
4
11
2
9
13
19
16
15
3 1 17
1 0 16
0 18 53
18 9 56
9 2 42
2 16 21
16 8 51
9 17 46
1 7 34
7 15 49
15 5 44
7 10 28
5 11 58
11 4 21
15 14 31
11 19 45
16 6 29
15 13 43
3 12 23
20 19
5
13
18
4
19
4
15
8
17
2
18
10
6
14
7
14
5
2
10
2
10 15 58
15 4 28
4 8 52
8 3 16
3 9 51
9 5 58
5 6 55
6 13 48
13 0 17
0 14 56
14 19 28
14 17 53
17 7 43
7 16 52
6 2 39
6 11 42
10 18 16
0 1 22
10 12 38
