60
10 9
13
11
19
7
8
3
3
7
2
18
5 8 10
8 7 8
7 2 13
2 3 11
8 1 3
1 6 2
6 9 12
9 0 1
2 4 5
10 9
17
9
17
14
17
14
8
17
19
20
4 9 15
9 0 11
0 3 15
9 6 10
6 2 10
9 7 4
0 1 10
1 5 9
5 8 12
10 9
13
20
2
15
16
1
5
11
3
3
4 8 3
8 9 9
9 7 8
9 6 1
6 3 11
3 1 12
6 2 5
4 0 5
7 5 10
10 9
7
16
11
7
6
8
2
20
6
18
0 8 9
8 4 6
4 1 1
1 7 5
7 2 13
2 6 5
7 5 8
2 9 14
7 3 5
10 9
9
16
3
8
9
2
17
2
11
19
1 9 2
9 8 9
8 2 1
2 0 10
0 3 13
1 4 14
4 6 3
6 5 6
5 7 2
10 9
13
6
9
8
3
8
20
13
14
7
1 2 6
2 3 3
3 5 9
5 6 11
6 8 11
1 4 14
4 9 14
1 7 1
3 0 5
10 9
1
7
7
9
2
15
4
7
5
18
6 8 15
8 3 10
3 4 14
4 1 9
8 5 13
5 7 1
1 0 11
0 2 3
0 9 3
10 9
1
14
12
17
4
9
1
17
13
8
2 8 12
8 0 4
0 9 8
9 4 14
4 5 14
5 1 10
2 6 4
0 7 4
8 3 4
10 9
9
8
2
14
14
2
20
7
20
12
6 2 8
2 1 6
6 4 11
6 9 7
2 7 14
7 0 12
0 5 2
0 8 13
1 3 2
10 9
3
17
9
12
7
13
10
6
5
14
2 7 2
7 9 3
7 6 1
6 3 8
3 8 5
8 0 13
7 4 9
9 5 5
3 1 10
12 11
16
7
14
6
3
3
16
3
14
15
18
12
1 5 10
5 0 3
0 10 11
10 8 14
8 9 9
9 2 5
0 11 13
5 4 8
4 3 8
10 7 10
8 6 1
12 11
15
11
18
12
20
10
14
12
11
2
11
4
1 7 6
7 9 5
9 3 12
9 2 9
1 4 14
3 11 8
11 5 6
5 8 3
8 10 6
4 0 14
2 6 6
12 11
17
1
19
18
19
5
4
4
13
6
1
2
4 9 10
9 7 1
7 10 11
10 2 11
2 1 4
7 0 8
0 11 2
7 8 8
8 6 12
9 3 1
2 5 8
12 11
5
13
1
5
18
7
16
4
7
9
19
15
11 8 8
8 4 1
4 3 10
4 10 7
4 1 3
8 7 14
7 2 1
4 6 2
8 9 14
9 0 6
0 5 1
12 11
5
6
4
2
18
14
18
20
14
12
7
19
1 5 7
5 4 15
4 8 4
8 3 6
1 9 2
4 0 5
9 11 1
11 10 1
8 7 15
7 6 10
1 2 9
12 11
15
9
18
13
20
10
12
3
11
20
2
12
1 10 3
10 9 11
10 8 2
8 0 10
0 4 4
9 3 3
8 2 10
2 6 8
3 5 4
5 7 3
4 11 4
12 11
7
3
6
7
8
19
10
17
12
8
4
6
11 4 7
11 3 15
3 8 11
8 7 4
7 1 13
7 6 1
7 0 3
8 9 9
9 5 5
5 10 6
6 2 6
12 11
11
8
8
13
13
3
5
1
11
1
8
6
7 1 1
1 5 13
1 4 12
4 9 11
9 10 6
10 3 12
4 2 11
2 11 7
3 0 11
0 8 6
11 6 2
12 11
20
15
16
6
19
17
7
7
19
5
12
13
5 6 6
6 1 7
5 8 11
6 4 7
4 7 13
1 0 1
6 3 7
3 9 12
9 10 8
3 11 15
4 2 14
12 11
17
10
15
12
14
4
9
17
2
16
2
16
1 5 13
5 0 11
0 7 3
7 8 2
8 2 9
0 6 4
8 9 9
9 3 3
2 10 4
6 4 8
4 11 15
14 13
17
17
14
9
9
19
11
12
12
20
6
7
18
5
0 5 7
5 4 1
0 6 9
6 9 4
4 7 10
6 13 7
13 3 4
3 11 11
11 1 10
7 10 11
5 12 13
5 8 7
0 2 12
14 13
12
3
14
11
19
8
4
3
16
16
7
4
15
16
0 2 9
2 6 6
6 11 12
0 5 15
5 3 4
3 12 6
6 9 1
0 8 15
8 4 13
11 7 7
8 1 10
1 10 12
11 13 6
14 13
17
10
6
13
17
18
17
9
13
15
18
13
11
19
6 11 1
11 0 11
0 10 12
11 5 12
6 2 4
2 12 2
6 1 6
6 8 9
8 13 1
11 4 6
8 9 7
12 3 13
3 7 15
14 13
20
12
1
3
17
12
20
1
5
18
16
20
8
5
9 8 13
8 1 4
1 11 1
9 4 8
4 6 14
6 10 2
10 0 3
0 3 6
8 13 8
6 5 15
1 2 8
10 12 9
12 7 9
14 13
10
4
10
1
2
16
2
1
4
17
11
6
19
13
7 8 1
8 10 15
10 4 12
4 12 6
12 1 15
1 3 7
3 13 7
13 5 10
5 0 2
7 9 6
7 6 2
6 11 2
11 2 9
14 13
5
12
2
7
3
18
4
4
20
16
4
2
11
14
7 1 1
7 11 3
11 0 13
0 9 1
9 6 15
9 13 5
13 8 11
8 12 3
12 10 10
10 4 6
4 3 8
6 5 3
8 2 8
14 13
19
20
7
18
5
15
7
16
16
5
9
2
3
16
7 5 6
5 2 4
2 12 11
12 9 7
9 11 7
11 4 6
4 6 1
2 0 6
12 10 2
11 8 9
6 3 4
3 13 6
3 1 15
14 13
15
10
20
5
7
8
3
16
10
16
3
1
1
1
2 1 4
1 11 1
11 9 10
1 8 7
8 4 1
2 7 10
4 0 4
4 6 2
6 3 6
8 12 6
12 5 3
11 10 4
7 13 15
14 13
1
14
16
14
5
18
14
14
5
20
12
19
13
2
4 9 7
9 5 10
5 6 9
6 3 9
3 12 14
4 13 1
13 0 4
3 7 12
0 8 10
0 10 11
5 2 8
8 1 15
12 11 2
14 13
2
19
18
15
6
19
5
4
12
12
6
19
12
19
1 6 10
6 7 12
7 4 11
4 9 8
7 5 11
9 8 9
5 11 9
11 10 14
4 12 3
4 13 14
12 3 10
10 0 10
12 2 12
16 15
4
1
13
16
2
12
12
5
4
14
9
5
4
12
9
17
0 13 7
13 5 14
5 2 4
2 9 15
5 7 15
2 8 5
8 6 11
7 4 4
13 10 10
10 3 7
4 15 14
2 14 1
6 11 14
9 1 14
3 12 15
16 15
12
14
9
7
20
3
3
14
10
11
3
8
14
9
7
1
11 3 1
3 15 1
15 4 13
4 1 10
1 2 9
11 5 1
5 13 9
13 9 15
9 12 12
4 7 4
12 8 6
7 10 15
15 0 4
0 14 13
15 6 3
16 15
3
2
9
15
11
19
4
9
13
20
3
17
10
19
9
4
9 5 2
5 11 9
11 15 10
5 12 5
12 2 3
2 7 3
7 4 4
15 8 11
8 13 13
5 1 9
5 14 2
14 0 14
11 10 14
5 6 14
11 3 7
16 15
20
4
19
17
8
1
16
18
8
3
1
12
1
17
19
10
11 10 2
10 3 8
3 1 11
1 6 2
1 2 4
2 8 2
8 7 2
7 12 8
7 14 4
14 5 9
6 4 15
4 9 7
11 13 8
11 0 2
6 15 3
16 15
9
20
2
6
19
10
10
2
9
18
4
15
7
18
20
10
2 10 3
10 13 4
13 1 8
1 9 2
9 7 15
2 11 9
11 0 2
0 15 6
9 14 11
11 6 10
7 8 1
15 5 9
10 12 4
0 4 11
5 3 12
16 15
14
13
5
15
4
20
15
11
12
18
20
1
9
11
16
17
2 3 4
3 14 10
14 13 15
13 15 6
3 1 2
1 12 9
12 6 9
15 9 2
9 11 2
12 10 12
11 0 1
1 4 12
0 5 4
5 7 12
4 8 6
16 15
19
6
5
2
17
19
19
1
13
17
17
20
1
5
6
12
0 15 2
15 14 13
14 9 11
9 13 1
14 6 14
6 12 11
12 10 15
10 5 1
14 11 13
11 8 9
11 3 14
5 2 3
14 7 5
5 1 5
0 4 2
16 15
11
4
2
4
7
3
5
15
15
13
6
19
6
1
3
1
13 2 2
2 5 4
5 10 14
10 12 14
13 11 10
11 9 10
12 0 7
13 6 5
6 3 3
10 8 8
3 1 2
6 4 2
3 14 10
5 15 1
5 7 3
16 15
12
18
16
1
12
6
14
11
13
13
12
4
14
7
19
19
11 7 5
11 14 6
14 2 2
2 6 14
6 9 7
9 15 12
15 13 9
13 3 14
7 8 14
3 4 14
7 5 14
15 10 11
8 1 6
1 0 9
0 12 13
16 15
11
6
11
8
8
5
12
6
16
17
20
7
16
16
19
9
0 4 4
4 14 9
14 12 8
12 15 12
15 3 14
14 6 15
6 7 9
0 13 13
13 1 1
6 5 13
13 8 7
8 2 10
1 11 4
0 9 14
0 10 9
18 17
4
11
12
20
16
19
1
6
16
19
8
19
18
6
20
5
9
7
12 1 12
1 14 1
14 15 3
15 5 1
5 4 15
4 6 5
6 0 10
0 2 7
2 7 3
7 9 14
14 8 1
2 10 7
10 16 3
6 3 2
3 17 14
5 11 14
5 13 9
18 17
16
1
1
3
7
18
8
19
5
2
13
18
15
16
7
16
12
10
7 13 6
13 16 15
16 1 3
7 15 6
15 14 11
14 8 9
14 6 7
13 4 4
1 5 6
8 0 7
5 3 5
4 12 12
7 2 2
5 9 15
3 10 10
10 11 5
8 17 5
18 17
7
14
12
17
18
14
17
20
7
9
18
4
1
8
5
18
11
10
6 4 10
4 7 9
7 13 11
4 9 13
9 17 13
17 1 15
1 8 6
8 0 8
6 12 9
12 2 14
0 5 9
17 3 8
13 15 8
6 16 2
16 10 13
5 14 5
12 11 13
18 17
14
16
16
5
8
5
5
2
14
14
20
15
4
6
11
1
19
16
9 3 14
3 0 13
0 2 1
2 13 7
3 8 12
8 10 15
9 5 5
5 4 8
4 16 2
16 15 15
13 1 14
2 7 15
0 6 2
13 12 6
8 17 1
16 11 4
13 14 7
18 17
6
19
1
18
1
20
7
20
7
20
2
19
9
7
17
9
12
8
15 16 9
16 17 6
16 12 14
12 8 2
8 1 1
8 7 5
7 13 13
16 5 15
15 6 15
1 9 6
15 11 15
9 0 13
17 4 11
17 3 1
9 14 8
4 2 12
1 10 2
18 17
15
11
1
9
1
13
20
7
7
2
11
10
19
17
12
18
17
11
17 4 3
4 15 8
15 13 10
13 10 10
10 8 15
8 1 15
1 11 11
13 16 2
16 6 1
4 0 13
0 14 3
15 12 9
4 7 13
14 2 11
12 5 8
0 9 9
15 3 13
18 17
20
1
20
14
17
4
11
5
13
5
9
18
6
8
10
15
10
17
9 3 5
3 8 13
8 4 9
4 1 15
8 5 7
5 7 12
7 0 9
0 12 12
8 10 2
1 17 8
17 14 13
17 16 3
1 6 3
5 2 13
1 13 9
3 11 2
2 15 1
18 17
11
14
12
3
9
4
7
9
4
10
15
20
2
12
8
1
7
6
17 3 7
3 4 4
17 5 12
5 9 6
9 15 4
15 13 6
13 7 14
17 10 13
10 6 12
6 14 3
14 0 9
15 16 5
6 12 12
10 8 15
0 2 7
2 1 8
13 11 13
18 17
12
9
16
1
10
16
6
16
8
3
12
13
6
2
19
20
14
18
1 10 4
10 7 10
7 15 14
15 14 14
14 3 9
3 6 3
15 11 8
11 4 14
4 8 13
4 0 12
0 13 3
0 9 10
9 5 2
1 12 14
8 16 4
3 17 4
8 2 6
18 17
14
17
7
19
20
14
14
7
20
12
7
15
2
2
14
18
6
8
11 10 2
10 17 15
17 16 6
16 2 13
2 4 4
4 1 12
1 12 15
16 0 9
0 5 10
17 6 12
4 7 12
7 15 14
4 13 13
11 3 5
2 9 14
9 8 6
7 14 10
20 19
14
19
13
2
17
14
4
8
15
4
19
18
4
10
5
15
18
7
11
3
7 18 9
18 3 11
3 15 12
15 17 12
17 19 11
3 11 13
11 10 10
7 12 14
12 5 7
5 2 5
12 0 11
0 13 14
11 4 13
4 6 10
5 9 1
4 16 9
15 8 12
18 1 6
18 14 11
20 19
18
15
19
17
13
7
12
20
6
13
10
3
11
10
12
5
2
10
8
14
15 11 7
11 19 7
19 4 4
4 10 3
10 3 8
3 7 14
7 0 12
0 6 1
6 1 10
1 12 5
12 17 11
4 5 9
5 2 15
11 18 9
18 9 14
9 13 13
6 8 5
5 16 1
7 14 1
20 19
19
20
14
10
12
14
1
13
16
20
7
1
3
12
3
2
3
12
1
14
15 10 11
10 14 10
14 3 13
3 18 4
18 16 2
16 19 6
19 5 5
5 17 15
14 8 14
8 11 2
11 6 10
6 9 2
9 1 2
5 0 13
0 4 10
1 7 13
7 2 15
14 13 10
7 12 6
20 19
5
7
13
5
12
1
13
20
8
17
2
8
7
16
20
20
5
15
4
18
1 19 2
19 15 4
15 13 12
13 7 6
7 10 5
10 0 6
0 4 4
4 8 10
4 14 10
14 16 9
19 6 12
0 11 14
11 3 11
3 17 15
4 5 14
16 9 13
8 12 5
12 2 10
3 18 9
20 19
6
15
14
15
18
19
18
10
12
19
14
1
6
20
8
17
9
8
10
11
6 7 3
6 1 10
1 14 10
14 13 11
7 5 9
7 4 1
1 17 15
17 18 14
18 16 6
16 11 6
14 9 12
9 8 6
5 12 2
12 19 12
6 0 12
8 2 1
16 10 1
17 3 4
18 15 10
20 19
20
1
1
9
13
17
12
5
15
9
18
10
12
6
13
17
19
3
12
7
8 0 6
0 3 3
3 10 1
10 15 12
8 13 10
13 17 11
17 14 6
17 18 2
18 19 4
19 7 7
7 6 11
6 16 7
3 9 9
0 11 7
11 5 6
16 2 11
15 4 2
13 1 6
1 12 14
20 19
20
20
16
11
19
20
7
4
4
17
12
12
19
17
17
12
16
15
9
5
9 8 3
8 18 15
18 0 5
0 5 8
5 15 7
15 4 12
0 13 6
13 19 14
19 17 3
13 6 12
4 7 12
15 12 2
13 3 7
9 2 15
12 11 4
6 14 5
18 1 1
7 16 9
15 10 15
20 19
16
5
3
4
10
16
20
11
13
4
9
3
20
6
1
20
19
12
12
8
0 6 13
0 1 9
1 13 14
6 2 11
2 19 2
6 5 14
2 16 6
16 15 7
13 17 11
17 18 13
5 8 6
2 11 2
11 9 8
9 14 11
16 12 15
19 10 3
10 4 13
4 7 6
18 3 13
20 19
13
6
6
7
16
2
20
17
15
2
7
8
10
4
19
6
14
10
2
14
16 6 4
6 15 13
15 17 2
17 5 6
5 14 14
14 9 5
9 2 9
17 0 12
0 12 2
0 19 4
19 13 2
13 11 3
2 7 15
2 1 11
1 10 10
10 4 14
19 18 5
2 3 1
5 8 6
20 19
2
12
4
17
5
20
12
13
8
5
19
17
6
12
16
16
19
19
6
10
16 10 4
10 3 11
3 8 7
8 15 8
15 0 10
0 6 1
6 17 10
17 7 6
7 19 15
8 18 6
7 12 7
0 11 12
10 2 9
8 13 5
17 14 6
14 1 13
2 9 4
6 5 15
12 4 12
