60
10 9
6
18
10
14
20
20
8
20
12
3
8 3 20
3 1 21
1 2 46
2 0 45
3 5 52
8 9 51
0 7 49
5 6 42
8 4 26
10 9
8
18
10
9
2
17
4
20
14
20
5 7 29
7 3 60
7 0 41
0 4 55
4 8 60
8 9 31
4 1 50
4 6 30
6 2 24
10 9
12
12
20
1
17
9
7
1
15
12
8 2 24
2 9 49
9 6 32
6 5 42
5 4 43
4 7 18
9 1 24
9 0 46
0 3 22
10 9
16
20
12
1
6
12
1
13
19
5
0 5 16
0 3 60
5 6 43
6 7 38
7 8 33
6 2 34
8 9 22
9 1 54
6 4 39
10 9
13
3
2
18
5
18
5
9
6
19
8 0 52
0 5 19
5 4 53
5 7 37
8 2 31
8 1 51
2 9 56
9 3 59
9 6 32
10 9
2
5
11
13
10
18
1
4
18
3
2 8 29
8 1 26
1 4 37
4 0 46
0 6 45
6 7 46
8 3 26
3 9 35
0 5 19
10 9
20
10
6
5
16
8
4
16
12
12
5 4 46
4 3 24
4 1 52
1 0 17
0 6 32
0 2 28
5 7 16
7 9 33
6 8 21
10 9
9
19
15
3
4
10
2
10
3
19
6 5 46
5 2 58
2 7 27
6 1 37
1 3 36
1 8 36
8 4 53
3 9 58
4 0 37
10 9
1
16
9
2
11
11
7
7
13
18
2 4 46
4 7 28
7 8 39
8 0 16
2 9 28
9 1 51
1 5 30
7 3 34
5 6 46
10 9
19
18
17
7
16
5
10
5
13
18
9 0 22
0 6 37
6 7 38
6 1 39
1 8 52
9 4 19
7 3 41
9 2 41
3 5 36
12 11
8
6
17
1
20
10
3
15
9
2
9
11
2 3 41
3 10 50
3 1 51
1 0 27
0 4 41
0 5 46
2 8 18
8 9 59
3 6 60
0 11 45
8 7 19
12 11
10
6
9
10
11
2
5
20
4
18
2
18
5 2 43
2 11 19
11 6 53
6 8 50
8 1 33
1 0 29
8 9 45
8 7 57
1 10 51
2 4 19
2 3 46
12 11
8
11
5
5
19
5
14
7
11
19
8
3
8 10 34
10 5 31
8 4 29
4 3 24
3 9 32
9 11 58
3 2 53
2 0 60
10 6 49
6 7 25
3 1 32
12 11
1
2
8
5
4
15
1
20
15
19
18
16
3 11 36
11 2 34
2 8 19
8 7 32
7 10 52
7 1 22
3 4 51
3 6 27
8 0 30
2 9 22
6 5 18
12 11
12
6
1
8
7
7
2
16
2
7
15
16
4 7 18
7 9 47
9 8 29
8 3 47
7 10 42
10 6 34
6 0 35
0 11 39
10 5 50
5 1 18
7 2 41
12 11
6
18
2
1
18
1
2
15
13
4
17
16
2 7 20
7 5 26
5 0 51
7 10 58
5 1 40
5 9 36
1 3 60
3 11 36
0 8 24
5 6 59
10 4 40
12 11
18
5
15
6
14
15
18
5
20
16
17
12
4 2 40
2 6 20
4 9 25
2 8 29
4 5 24
4 10 54
4 0 57
2 1 42
4 7 31
7 11 59
11 3 29
12 11
18
5
14
13
9
9
17
10
12
3
13
3
0 7 29
7 5 44
5 1 37
0 11 35
11 2 32
11 9 30
0 3 50
3 4 45
0 6 38
7 8 21
8 10 50
12 11
10
20
9
17
8
5
12
16
16
5
10
14
8 0 58
8 3 48
3 9 47
3 1 58
1 5 60
5 2 43
2 4 31
4 6 60
8 11 26
9 10 42
3 7 30
12 11
7
7
9
6
9
4
13
6
16
5
4
4
6 2 56
2 3 38
3 8 48
8 0 31
0 4 29
6 7 50
7 1 26
2 11 52
11 9 54
9 10 30
11 5 52
14 13
12
11
13
19
2
20
17
9
20
19
18
11
14
13
2 3 58
3 8 41
8 6 17
6 12 43
12 10 31
10 11 18
6 1 52
10 13 16
2 7 35
12 4 30
11 0 41
7 9 17
9 5 50
14 13
5
9
6
17
1
5
17
16
3
2
19
8
14
12
9 3 60
3 12 41
12 2 35
2 7 21
7 11 41
7 4 29
4 0 48
0 13 53
0 6 26
2 8 44
8 1 59
1 5 56
7 10 21
14 13
3
1
2
17
14
10
13
14
17
19
11
1
20
16
1 0 42
0 9 22
9 2 32
2 5 19
5 7 20
7 10 55
10 13 36
9 6 24
5 8 39
8 3 44
3 4 30
3 12 18
3 11 23
14 13
13
13
16
9
8
11
7
18
13
18
16
3
15
17
6 2 16
2 7 31
7 1 48
6 12 36
1 4 24
4 10 34
7 11 17
11 3 25
10 9 23
11 5 24
3 13 52
5 0 27
0 8 19
14 13
11
16
12
18
3
12
9
12
6
18
5
16
1
14
7 13 44
13 0 56
0 8 18
8 10 23
10 9 56
9 12 56
12 4 41
13 5 50
5 2 25
5 6 57
6 11 59
12 3 48
0 1 46
14 13
2
19
16
12
6
10
17
15
3
9
12
8
17
7
7 11 50
11 2 49
2 13 50
13 6 20
2 5 49
6 1 56
1 0 45
2 4 38
5 8 60
7 10 36
0 3 32
4 12 18
10 9 40
14 13
3
14
10
17
2
13
10
19
7
4
9
1
11
7
1 4 50
4 7 30
7 0 21
0 6 32
6 5 46
6 2 37
2 11 32
4 13 55
6 10 44
4 12 54
6 9 59
5 3 24
7 8 51
14 13
4
1
11
15
9
2
4
20
7
19
10
16
13
15
7 1 26
1 3 49
7 10 25
10 12 33
12 6 36
7 13 21
13 9 47
9 0 60
3 8 35
7 5 18
5 4 56
4 11 19
8 2 41
14 13
15
1
11
7
14
11
16
14
4
15
17
6
6
9
10 1 51
1 12 21
12 11 22
12 4 60
4 13 21
4 9 59
12 5 56
11 0 38
13 7 49
7 8 27
8 3 33
8 6 44
9 2 49
14 13
8
7
12
10
20
1
13
18
11
2
5
8
7
10
12 0 52
0 2 53
12 1 43
1 5 55
0 6 55
6 4 60
4 9 27
9 7 54
7 10 54
2 13 53
2 3 57
5 11 24
4 8 28
16 15
3
14
2
4
14
2
17
14
17
15
2
11
16
18
16
6
4 8 46
8 5 52
5 3 21
3 1 30
3 14 53
8 10 52
10 9 40
9 11 25
11 7 37
9 15 36
9 13 49
8 6 39
11 2 16
3 0 58
3 12 40
16 15
5
1
5
2
5
15
15
20
10
5
10
11
13
2
17
13
12 3 16
3 10 37
10 0 52
0 9 59
9 6 56
6 13 37
13 5 33
0 15 58
15 8 52
9 11 23
9 2 43
6 1 56
13 7 49
8 4 46
4 14 40
16 15
9
14
7
4
6
11
18
11
18
16
13
1
14
15
6
7
11 4 20
4 6 54
6 13 40
13 0 37
0 7 51
7 10 53
10 15 49
15 9 55
9 5 52
9 12 48
11 2 29
2 3 34
10 14 41
12 8 49
10 1 49
16 15
12
20
16
15
19
16
6
6
1
9
4
18
3
8
18
3
7 9 43
9 2 47
2 1 51
9 12 24
1 11 35
12 15 50
7 4 19
4 14 48
14 6 35
6 8 43
14 13 20
12 3 45
14 0 50
1 10 20
8 5 41
16 15
19
18
1
20
6
18
11
10
4
11
2
1
5
15
9
1
7 8 59
8 6 36
6 0 29
0 13 37
0 14 21
14 9 25
7 15 27
15 4 46
9 1 16
1 12 39
8 2 33
0 5 28
1 11 26
8 10 16
4 3 32
16 15
18
7
20
10
13
7
11
16
5
3
16
16
11
7
1
18
9 7 27
7 14 43
14 12 47
12 0 33
14 13 54
13 4 60
4 8 45
9 3 37
3 1 19
1 10 42
10 2 31
13 15 18
9 5 42
9 6 40
6 11 21
16 15
18
7
17
11
14
13
16
9
3
15
14
4
2
1
20
19
6 12 19
12 13 28
13 15 31
15 1 24
6 9 43
12 4 43
4 11 52
9 10 26
9 3 58
3 5 30
5 0 19
9 7 39
12 8 26
1 2 31
13 14 59
16 15
7
7
19
4
14
10
15
5
6
9
11
18
6
20
9
6
13 1 56
1 2 37
2 15 55
15 6 37
6 14 34
14 8 34
8 10 31
10 3 21
8 5 29
8 9 57
9 11 51
15 0 31
1 7 40
7 12 47
14 4 16
16 15
2
10
15
13
11
15
2
12
7
7
20
18
6
1
4
6
10 14 24
14 15 16
15 4 60
15 13 58
13 2 56
2 12 48
10 5 37
5 11 55
15 0 38
12 7 16
7 3 59
0 6 59
6 1 59
2 8 44
8 9 58
16 15
12
11
13
14
11
6
20
8
13
13
4
12
18
12
11
13
6 15 23
6 4 34
4 0 36
0 1 40
1 7 57
7 5 17
4 13 43
6 14 50
5 11 41
6 2 34
2 12 49
1 8 54
7 10 60
1 3 31
0 9 49
18 17
1
5
8
15
9
19
4
17
19
7
19
12
18
3
16
9
1
2
4 17 30
17 9 20
9 12 22
12 14 53
17 10 19
10 7 36
14 15 34
10 0 17
4 11 33
10 3 23
3 13 26
13 5 41
11 6 20
10 16 25
3 1 17
4 8 44
10 2 48
18 17
4
17
8
11
20
3
14
20
20
20
5
4
13
5
16
12
7
10
5 2 49
2 10 38
10 8 36
8 15 34
15 9 52
9 7 37
7 3 56
10 1 31
1 13 59
2 0 26
13 16 34
5 6 26
6 14 27
14 11 54
11 4 17
1 17 22
8 12 27
18 17
1
1
5
17
9
17
10
12
14
8
8
19
16
14
5
3
15
11
3 5 20
5 0 22
0 9 29
9 6 26
6 16 44
6 14 28
3 1 17
1 4 36
4 15 33
15 13 23
13 12 20
12 7 24
7 11 19
0 8 49
8 17 55
1 10 37
16 2 22
18 17
3
3
3
3
17
10
11
1
7
3
18
5
20
7
16
16
11
19
15 3 60
3 16 37
16 11 58
3 1 26
1 2 41
1 10 59
10 8 41
8 13 38
1 0 33
0 17 34
17 14 52
14 12 25
12 6 49
14 4 30
4 7 21
13 5 26
5 9 50
18 17
7
10
16
6
2
14
5
11
16
16
20
19
4
4
19
20
10
3
14 13 20
13 7 53
7 8 55
8 17 21
17 10 37
14 0 54
0 5 58
5 4 49
13 15 52
14 11 34
7 9 41
10 12 24
8 2 50
2 1 48
7 16 59
8 3 36
1 6 43
18 17
12
20
12
13
16
5
2
14
8
3
15
17
19
19
7
12
9
19
17 13 47
13 9 33
9 12 30
12 2 29
2 5 19
5 16 44
16 15 26
15 0 17
0 4 53
0 10 58
10 1 55
12 14 29
17 11 44
10 7 54
13 3 60
17 6 26
10 8 59
18 17
6
4
12
1
13
3
9
17
3
5
5
18
6
13
5
16
15
10
7 10 33
10 0 50
0 11 16
11 16 50
16 8 28
8 4 41
4 1 17
8 5 50
5 3 20
7 12 24
16 9 53
9 17 33
10 15 58
10 6 23
6 2 19
4 14 51
6 13 43
18 17
16
15
1
14
2
17
4
18
12
19
1
10
10
18
15
8
7
7
2 9 57
9 0 25
0 12 43
9 14 16
14 3 52
3 13 39
14 1 60
2 4 60
4 8 21
3 5 40
8 6 19
3 11 54
0 16 25
1 17 34
0 15 21
15 10 51
11 7 57
18 17
10
16
3
20
2
16
14
16
6
10
5
13
3
14
2
14
12
17
6 3 26
3 0 19
0 17 25
17 10 52
0 9 43
9 7 50
3 13 55
13 15 19
15 5 32
5 2 39
2 11 36
7 1 53
1 12 41
0 4 51
5 14 49
14 16 44
7 8 17
18 17
3
7
17
11
2
20
20
7
19
16
3
2
17
4
5
18
16
7
16 2 39
2 17 51
17 7 44
17 12 35
17 15 19
15 5 16
5 11 53
7 6 27
6 0 56
17 8 22
16 9 57
12 13 16
6 1 44
13 14 20
7 3 16
5 10 20
0 4 37
20 19
19
8
5
12
5
10
6
8
15
7
18
18
7
10
15
18
18
4
2
3
6 11 52
11 2 45
2 1 32
1 18 18
18 10 47
2 16 32
16 9 41
9 12 25
16 7 29
18 3 56
3 8 32
16 17 42
9 19 48
10 4 46
7 5 16
7 0 36
5 14 35
16 13 47
9 15 37
20 19
18
12
18
1
12
4
16
19
10
10
15
3
14
3
3
5
12
4
10
16
17 19 42
19 6 58
6 8 56
8 10 48
10 14 20
14 11 29
6 12 16
12 5 44
11 1 55
1 4 54
11 2 19
2 3 16
6 0 28
0 13 25
13 16 58
10 15 23
5 9 52
5 7 56
1 18 44
20 19
20
18
18
2
18
19
9
3
10
11
17
18
1
16
12
9
9
8
14
14
3 11 57
11 6 28
6 19 45
19 17 43
17 4 34
4 8 55
8 14 32
14 0 26
17 15 54
11 5 18
5 9 55
9 13 36
13 1 22
1 12 44
12 16 49
14 2 52
8 10 37
5 7 24
0 18 33
20 19
19
9
20
9
16
20
7
8
10
6
3
16
9
2
19
4
2
10
14
13
2 6 33
6 18 43
18 4 58
4 11 49
11 9 47
9 14 23
14 19 59
11 17 60
19 15 34
11 10 16
10 5 28
5 1 40
1 7 16
7 13 37
15 0 43
2 3 50
5 16 28
14 8 52
11 12 44
20 19
15
4
9
5
18
17
13
6
7
20
16
2
15
18
20
5
5
8
1
6
0 12 51
12 15 58
15 3 34
3 18 60
0 13 30
18 19 48
19 16 21
15 9 48
9 6 52
9 8 51
13 4 26
4 17 43
3 10 31
6 14 58
4 1 30
12 11 44
1 5 49
4 7 26
16 2 44
20 19
6
6
10
11
5
1
14
5
11
12
9
8
17
18
10
9
6
5
3
2
11 3 40
3 19 38
19 5 38
5 4 54
5 8 22
8 13 46
13 18 19
18 10 27
10 9 38
3 15 60
15 0 48
0 12 39
15 6 42
6 17 18
17 14 46
14 2 32
8 1 49
13 7 56
14 16 53
20 19
6
7
1
6
6
5
14
14
14
18
14
17
16
19
19
11
13
7
6
11
11 2 56
2 5 51
5 9 21
9 1 26
1 14 53
14 13 55
13 12 60
12 17 31
12 0 60
2 18 45
18 19 28
19 3 37
3 7 57
18 4 39
17 8 56
19 15 29
19 6 25
14 16 42
18 10 33
20 19
6
5
8
4
16
6
1
6
5
6
13
2
12
19
1
3
5
7
17
1
1 10 56
10 4 40
4 5 18
5 3 33
3 18 46
18 19 52
19 11 60
11 7 55
7 15 18
19 2 51
2 13 19
5 17 36
17 0 30
3 14 60
18 16 47
10 12 56
12 6 49
16 9 23
0 8 19
20 19
7
9
13
13
4
2
14
15
18
13
9
20
5
7
8
4
1
20
18
4
18 8 55
18 10 23
10 15 46
18 4 56
4 5 21
5 19 43
18 7 40
7 0 22
0 6 26
6 1 43
1 9 40
9 12 33
1 3 49
3 17 44
17 13 45
13 16 21
15 14 19
7 2 33
14 11 38
20 19
20
6
20
20
14
13
9
14
13
5
13
10
12
9
5
4
18
6
18
9
0 16 60
16 9 50
9 1 49
1 3 58
3 18 23
18 7 30
7 8 46
8 11 57
11 17 47
17 4 59
7 6 32
6 2 29
18 19 33
11 15 19
2 10 43
0 13 19
16 5 59
5 12 37
16 14 22
