60
10 9
6
18
3
1
4
2
15
9
17
12
4 2 50
2 0 38
0 5 43
5 3 26
0 6 55
4 9 46
4 7 23
0 1 23
0 8 17
10 9
17
18
5
6
1
4
10
6
2
10
3 4 31
4 0 56
0 2 29
0 7 46
2 8 46
8 5 58
5 6 18
3 9 47
7 1 25
10 9
7
17
13
14
4
15
3
12
3
14
9 4 48
4 2 48
2 7 32
4 5 52
9 1 25
1 3 54
5 8 29
1 0 38
0 6 26
10 9
3
20
5
5
3
2
18
2
12
7
4 6 26
6 1 57
1 9 24
9 7 32
4 2 42
2 3 49
6 8 34
6 5 20
1 0 52
10 9
5
9
20
9
2
14
18
9
20
1
1 0 16
0 6 27
6 3 37
1 4 19
4 7 41
6 2 49
2 9 49
4 5 20
3 8 36
10 9
16
18
9
1
14
5
1
10
6
11
1 9 17
9 7 42
7 6 18
6 3 16
3 8 25
6 5 54
5 0 57
6 2 17
6 4 25
10 9
11
20
13
4
14
9
16
20
7
16
7 1 39
1 9 32
9 4 21
4 5 39
9 8 16
8 0 32
8 3 46
1 6 16
1 2 44
10 9
11
13
2
2
6
12
2
4
3
15
9 3 18
3 7 60
7 0 20
0 6 49
7 5 36
7 1 51
1 4 49
0 8 55
8 2 51
10 9
16
2
1
15
3
15
9
4
2
13
7 5 60
5 9 22
7 1 51
1 2 39
1 8 26
9 6 58
6 3 20
3 4 48
3 0 27
10 9
1
7
12
18
14
12
13
8
20
18
8 1 16
1 0 24
0 5 21
5 7 60
8 6 35
5 4 52
0 9 39
8 3 24
3 2 46
12 11
1
19
17
15
4
8
14
3
13
11
5
11
2 11 29
11 7 25
7 4 36
4 0 19
4 3 30
7 9 34
3 8 16
8 10 48
0 6 17
6 5 28
11 1 17
12 11
5
7
2
6
1
4
1
6
11
15
9
3
3 7 39
7 1 27
3 8 26
8 9 33
9 5 48
5 11 39
11 10 47
10 0 48
1 4 55
10 6 46
6 2 30
12 11
18
16
18
15
18
13
11
1
19
20
20
8
4 9 24
4 0 16
0 5 39
5 10 58
10 1 55
1 8 20
8 2 25
8 7 32
7 6 39
9 3 47
9 11 21
12 11
9
2
13
18
17
16
5
9
18
20
7
6
1 5 50
5 6 29
6 7 24
7 9 36
9 3 42
3 10 48
9 8 42
1 11 28
5 4 45
4 2 46
2 0 52
12 11
4
20
12
13
18
2
2
4
1
5
11
18
10 7 51
7 0 56
0 3 37
3 4 23
4 5 23
7 9 45
9 1 39
1 6 48
5 2 56
6 11 28
10 8 54
12 11
13
6
12
14
13
11
12
1
17
7
14
15
2 10 39
10 0 44
0 3 27
3 11 42
11 5 33
5 1 43
2 4 55
2 6 31
3 9 19
9 8 34
8 7 54
12 11
9
9
13
17
17
16
11
4
3
20
11
18
2 11 30
11 5 18
5 7 60
7 6 23
6 4 54
4 10 29
6 1 44
1 0 43
5 9 50
1 3 48
6 8 54
12 11
2
20
18
14
4
12
10
8
1
7
6
20
3 2 47
2 5 23
5 6 33
6 8 55
6 4 24
4 10 23
10 1 30
5 11 56
11 9 45
4 7 22
6 0 54
12 11
16
14
15
17
15
13
1
19
11
11
7
14
6 7 48
7 3 25
3 8 56
8 4 49
4 0 59
0 11 39
11 1 25
0 10 16
10 9 56
11 5 32
5 2 44
12 11
13
20
2
13
13
3
7
9
14
11
17
12
9 8 45
8 2 47
9 4 26
4 7 53
7 1 18
1 0 23
1 5 16
5 3 20
3 6 44
2 11 57
2 10 26
14 13
13
16
3
15
8
4
2
12
2
7
7
19
15
14
13 2 16
2 9 23
9 7 34
2 4 54
4 3 31
13 8 16
8 0 26
3 1 34
2 11 28
3 12 26
13 5 37
13 10 47
12 6 22
14 13
12
16
9
2
2
11
7
12
13
11
8
15
5
12
10 11 37
11 4 59
10 6 23
6 8 32
8 0 50
0 7 30
7 13 39
13 5 23
7 1 31
11 2 55
6 12 35
0 9 42
8 3 29
14 13
6
4
20
19
6
17
4
17
10
13
11
14
14
2
13 7 58
7 2 21
2 10 28
10 11 60
11 9 49
9 3 37
13 6 47
6 5 23
3 12 21
12 1 55
1 4 18
10 0 59
4 8 49
14 13
6
19
9
14
6
15
18
7
10
5
5
5
9
15
11 4 28
4 0 21
0 6 25
6 5 35
5 9 47
4 1 30
1 7 29
7 2 59
1 3 44
0 13 41
11 10 21
4 12 46
11 8 31
14 13
17
19
7
11
4
16
14
19
3
1
15
3
1
8
2 5 21
5 3 36
3 12 33
12 7 52
7 0 41
7 1 57
12 6 60
6 9 55
9 4 48
1 11 22
5 13 55
0 8 52
6 10 56
14 13
14
7
15
13
20
13
12
11
19
12
15
8
5
17
13 9 35
9 0 47
0 3 25
3 5 23
3 12 51
12 4 40
9 7 25
0 2 38
2 8 58
8 10 50
10 1 22
0 6 26
9 11 49
14 13
20
18
16
5
2
9
7
6
16
1
4
19
15
10
12 1 33
1 6 50
6 3 54
3 5 38
5 0 20
0 13 24
13 7 17
5 8 52
8 11 42
0 4 24
11 10 60
10 2 22
12 9 26
14 13
1
20
8
4
6
18
7
7
11
14
17
12
10
14
10 1 20
1 3 42
3 13 51
13 8 58
8 0 39
0 9 53
0 6 31
6 11 26
1 4 60
1 7 58
11 5 44
7 2 29
8 12 49
14 13
6
13
16
7
19
8
20
2
1
15
2
2
9
20
4 3 52
3 6 39
6 13 53
13 7 36
7 8 32
8 2 25
7 12 25
12 1 22
1 9 21
9 5 35
7 0 17
4 10 33
9 11 31
14 13
11
5
12
17
9
19
20
7
11
19
2
11
1
10
12 3 39
3 1 39
1 2 20
2 13 53
13 0 32
0 9 25
2 8 33
2 5 52
5 6 19
3 4 52
4 10 22
10 11 38
3 7 54
16 15
4
17
11
5
3
16
18
1
17
12
2
14
4
20
3
6
11 6 47
6 4 50
4 13 30
13 0 46
0 10 59
10 15 60
15 12 24
12 2 30
13 7 35
11 9 48
13 14 29
14 1 39
11 3 26
7 8 23
3 5 35
16 15
15
8
2
12
9
3
5
10
5
11
19
3
13
5
8
19
8 1 27
1 11 25
11 5 38
5 9 36
9 7 46
7 15 35
9 13 55
13 4 19
4 2 35
2 6 44
5 3 26
3 10 23
8 14 41
2 12 34
12 0 39
16 15
6
14
18
18
5
11
2
20
18
20
5
17
14
15
3
15
12 13 51
13 6 31
6 9 35
13 1 30
1 15 21
12 7 43
7 0 26
12 11 38
7 10 60
10 4 48
11 8 33
4 14 47
6 5 54
13 2 46
8 3 60
16 15
12
12
7
5
19
12
17
12
6
17
17
14
9
6
13
16
4 2 28
2 12 20
12 1 26
1 11 34
2 8 58
8 6 44
4 0 46
2 13 27
12 7 41
7 14 48
14 10 32
14 15 59
11 3 27
8 9 44
13 5 26
16 15
9
17
3
5
4
20
1
11
5
8
17
18
13
8
1
1
4 14 57
14 2 30
14 7 53
7 3 26
3 12 39
4 8 60
8 1 50
1 10 41
2 15 56
8 0 53
0 9 55
9 11 26
1 13 23
3 6 30
6 5 43
16 15
12
9
5
19
2
8
15
18
20
13
14
20
6
11
9
2
12 4 36
4 10 16
10 15 19
15 14 27
14 8 18
8 9 44
9 0 57
15 11 43
8 2 26
10 6 39
6 1 28
12 13 38
2 5 53
11 7 18
4 3 28
16 15
17
14
6
18
16
11
11
10
7
17
3
17
17
18
8
5
6 15 41
15 0 39
0 1 25
1 12 26
12 9 52
9 13 16
13 11 30
1 4 24
4 10 16
10 2 33
4 14 54
12 5 59
15 8 52
10 7 33
13 3 45
16 15
11
20
1
3
6
9
4
18
5
7
20
4
20
19
16
6
9 14 25
14 4 50
4 1 42
1 5 38
5 12 58
9 6 34
5 3 43
1 7 47
7 11 44
12 0 55
5 2 47
2 13 32
13 8 36
6 10 31
14 15 60
16 15
13
14
18
15
20
19
4
7
5
14
7
9
14
11
7
9
5 11 25
11 13 38
13 15 32
15 0 32
0 2 18
13 14 44
15 8 28
8 4 36
4 9 41
2 12 38
2 3 19
3 7 55
7 1 48
1 6 56
6 10 31
16 15
19
3
19
2
15
19
12
4
7
7
3
20
13
14
16
2
0 4 40
4 12 25
12 11 17
12 3 23
3 9 17
3 5 47
5 13 37
13 10 36
5 2 16
5 15 59
15 6 25
3 1 56
1 7 28
13 8 23
0 14 18
18 17
9
16
5
16
3
2
3
19
19
20
20
7
9
14
15
16
18
7
7 2 42
2 0 60
0 10 32
10 6 36
6 9 27
9 17 52
0 16 52
16 4 29
4 1 56
0 15 41
15 14 28
9 5 45
5 13 58
1 3 29
0 11 60
9 12 42
0 8 22
18 17
9
12
14
13
19
5
16
19
20
10
18
7
12
11
14
7
5
6
4 3 23
4 10 51
10 17 37
10 1 20
1 11 25
11 0 28
0 14 49
14 5 25
5 13 52
13 16 23
16 8 22
10 9 28
9 7 55
7 2 37
2 15 54
10 6 26
16 12 28
18 17
2
9
18
16
13
11
9
4
18
11
19
20
15
13
2
2
12
11
3 1 18
1 7 52
7 12 42
3 16 53
16 8 29
16 9 44
12 5 41
5 15 24
9 11 58
11 0 48
8 14 49
14 13 26
13 4 29
1 17 44
17 10 19
5 6 33
7 2 58
18 17
2
17
14
5
8
17
10
13
16
18
6
7
4
12
18
7
6
18
0 7 19
7 2 56
2 8 31
8 5 16
5 6 16
6 14 28
14 16 27
0 9 18
0 1 45
8 13 31
13 4 26
8 17 27
8 11 19
11 3 49
16 12 22
12 15 50
11 10 34
18 17
11
16
19
16
7
19
16
1
3
15
4
16
5
6
18
7
11
7
13 9 50
9 7 28
7 12 20
13 3 59
3 2 19
2 14 25
2 0 58
0 4 22
4 8 41
9 11 17
11 10 56
11 15 55
9 6 19
15 5 27
0 1 55
12 17 57
10 16 27
18 17
11
15
5
6
10
5
5
4
11
9
11
13
8
4
19
17
4
1
17 2 20
2 16 36
16 0 29
0 12 27
12 7 46
17 15 23
15 11 42
0 8 26
0 3 58
2 10 30
7 5 40
10 9 21
2 1 57
11 14 30
9 6 45
2 13 34
14 4 23
18 17
2
2
10
10
16
15
1
9
7
20
1
17
20
9
7
3
5
10
16 8 44
8 2 54
16 6 47
2 4 30
2 3 39
3 12 47
12 11 30
11 15 22
15 0 40
0 1 17
4 7 47
7 5 55
2 10 51
5 13 46
15 14 45
2 17 23
5 9 47
18 17
14
5
15
18
9
9
13
1
8
12
15
17
16
7
5
12
12
17
5 12 35
12 0 48
0 11 29
11 10 17
10 4 46
4 1 41
0 3 29
3 8 37
0 16 48
5 6 20
10 15 38
12 9 55
15 17 27
15 2 26
15 7 42
8 13 37
9 14 34
18 17
7
13
18
1
10
14
11
12
1
7
19
15
11
13
13
10
20
8
2 11 26
11 12 26
11 13 48
13 1 60
1 15 40
13 5 18
1 3 60
3 16 20
16 8 30
15 9 27
3 17 27
1 4 16
3 6 42
1 14 60
8 10 59
12 7 54
1 0 52
18 17
16
3
10
11
15
5
3
15
1
14
18
19
19
15
12
19
1
10
2 10 26
2 17 53
17 15 51
15 11 47
11 8 34
8 7 54
15 9 47
15 0 40
17 14 59
2 12 34
12 1 56
7 6 57
12 16 60
0 4 27
4 13 41
10 5 48
17 3 18
20 19
12
9
9
11
8
12
12
12
5
16
2
19
14
14
5
9
3
18
15
15
0 16 18
16 12 59
12 4 54
4 10 35
10 2 25
2 7 29
12 5 17
4 3 46
3 18 45
2 9 17
18 11 25
18 6 37
2 8 32
16 19 53
19 14 49
10 15 47
15 13 42
3 17 58
18 1 16
20 19
8
16
14
13
3
14
11
14
16
4
15
3
10
7
13
10
9
2
7
11
6 9 36
9 12 52
9 1 17
1 11 60
11 8 50
8 5 59
5 7 32
7 0 22
5 10 54
10 16 17
16 17 47
12 4 35
9 13 48
4 3 41
12 19 16
11 2 60
2 14 56
13 15 50
6 18 32
20 19
9
5
15
9
12
19
5
13
19
2
4
15
19
1
9
17
17
8
5
8
0 1 41
1 17 16
17 5 59
17 11 25
11 8 48
8 9 27
9 18 21
1 6 31
6 13 27
13 3 25
0 7 16
18 12 42
12 16 39
5 10 42
10 4 20
9 14 27
14 2 60
4 15 50
17 19 45
20 19
6
10
9
18
18
9
9
20
2
15
17
10
12
1
18
14
7
17
1
9
1 6 23
6 7 19
7 13 29
13 19 38
7 4 17
4 9 30
9 3 18
3 2 51
6 14 50
19 8 40
8 0 19
0 17 38
17 10 25
8 18 46
10 12 20
4 11 54
17 16 59
0 15 30
4 5 60
20 19
5
1
8
18
7
15
14
12
17
6
9
2
10
2
10
1
16
20
3
8
15 1 17
1 2 40
2 4 27
4 10 58
10 19 46
19 7 55
4 12 23
10 18 29
12 9 16
19 0 53
12 16 24
10 6 38
16 8 38
2 3 34
2 5 30
19 17 18
3 13 55
15 11 20
11 14 52
20 19
14
18
2
18
17
13
4
10
8
11
6
13
12
14
5
14
19
15
5
16
3 8 56
8 9 41
9 17 16
17 7 29
8 6 25
6 19 60
19 1 21
17 13 47
1 4 43
7 5 37
5 12 57
12 15 20
5 18 39
12 2 42
17 16 38
4 10 21
17 14 58
19 11 32
15 0 34
20 19
4
4
5
11
20
2
2
10
6
7
3
10
5
4
3
7
12
17
13
20
19 6 48
6 13 43
13 16 35
16 14 16
14 5 30
5 12 50
5 15 24
12 2 44
2 9 56
6 4 29
4 18 25
18 10 44
10 0 32
0 7 36
14 1 27
4 3 55
4 8 54
19 17 21
12 11 20
20 19
3
16
17
16
2
5
20
9
8
10
17
8
19
11
16
16
1
6
6
11
6 4 17
4 12 17
12 16 53
16 8 38
12 7 33
4 17 31
17 9 58
12 1 28
1 11 17
9 2 37
2 0 41
6 10 47
0 15 16
1 18 44
18 14 54
14 3 55
8 5 56
17 13 58
15 19 51
20 19
10
12
11
15
20
5
8
13
7
8
20
12
3
4
7
4
14
19
2
17
17 8 46
8 12 24
12 2 54
12 0 34
0 16 46
16 15 38
8 4 23
15 19 31
0 14 18
15 11 31
11 9 49
4 5 35
12 1 39
9 6 45
12 13 21
0 3 24
8 10 35
14 18 53
19 7 17
20 19
16
10
19
15
8
1
8
4
2
10
19
5
7
9
10
11
5
17
1
9
5 11 34
11 18 40
18 0 26
0 7 45
7 14 27
11 12 44
12 6 39
6 16 39
5 4 24
5 10 30
5 19 55
0 1 42
6 9 36
4 17 30
17 2 25
10 13 45
1 8 37
13 15 48
2 3 28
