60
10 9
18
20
16
12
8
14
15
3
9
10
2 3 10
3 8 47
8 0 58
2 1 46
3 5 39
8 6 42
2 4 56
4 9 40
9 7 17
10 9
2
1
12
15
3
17
1
12
7
4
9 0 60
0 6 39
6 8 10
6 1 36
9 2 18
8 4 42
0 7 3
0 5 27
7 3 20
10 9
4
10
15
6
20
11
11
8
10
20
9 0 5
0 7 28
0 6 12
6 1 8
1 2 24
6 8 9
0 3 50
7 5 13
7 4 24
10 9
1
1
18
8
2
20
15
13
3
17
6 2 2
2 4 20
4 1 21
6 8 32
8 5 37
5 9 35
6 3 20
8 7 35
9 0 10
10 9
16
4
15
19
20
5
16
13
11
12
6 9 19
9 5 29
5 1 31
1 8 16
1 7 22
5 0 52
6 3 35
3 4 29
4 2 45
10 9
17
3
14
20
1
13
13
9
20
18
8 2 33
2 7 40
2 0 23
0 5 11
8 6 36
6 1 57
1 9 44
9 3 51
9 4 47
10 9
10
4
2
17
6
20
6
9
11
15
1 5 12
5 2 15
2 8 49
8 9 25
9 0 45
0 4 18
2 7 43
2 6 4
8 3 35
10 9
4
1
1
6
6
14
13
20
7
13
1 2 15
2 0 58
0 9 23
9 7 44
7 4 23
9 8 23
2 5 28
2 6 46
2 3 26
10 9
7
17
4
11
16
4
20
10
18
15
9 2 12
2 7 8
7 5 55
5 8 33
8 4 15
4 6 50
6 3 28
3 0 15
8 1 11
10 9
18
12
4
2
10
13
14
5
10
19
3 4 25
3 9 1
9 0 36
0 1 3
0 2 8
9 7 17
4 6 1
6 5 47
1 8 53
12 11
3
9
13
7
16
4
11
8
10
2
5
12
1 11 38
11 4 33
4 9 12
9 8 13
8 0 51
0 5 17
5 6 48
6 10 3
10 7 26
1 3 51
0 2 14
12 11
15
12
10
14
13
8
17
10
3
4
18
18
6 8 34
8 4 50
4 0 25
0 11 30
4 7 21
7 1 22
1 9 25
9 10 11
0 5 56
5 2 34
10 3 57
12 11
10
16
3
1
1
7
2
5
6
14
1
16
0 6 34
6 3 31
3 2 3
2 11 33
3 10 42
10 5 53
2 8 48
11 1 44
6 4 36
0 7 18
7 9 20
12 11
8
10
20
9
9
5
11
11
3
17
20
2
8 10 26
10 9 12
9 7 28
9 0 16
0 1 28
1 2 18
2 4 39
4 3 26
0 5 35
2 11 44
2 6 35
12 11
10
3
19
4
9
18
13
8
15
17
7
13
2 0 54
2 6 33
6 3 42
0 11 20
11 5 17
3 7 2
7 8 26
7 10 60
8 4 42
4 1 56
11 9 51
12 11
20
20
14
11
15
8
16
14
18
2
20
20
8 2 14
2 6 2
6 10 22
10 11 52
11 1 2
6 9 36
9 3 2
3 0 16
6 7 10
11 4 35
3 5 3
12 11
4
16
3
14
18
4
15
1
10
7
2
20
4 7 52
7 3 27
3 11 18
11 10 21
10 6 26
6 2 14
2 0 11
0 8 51
8 1 52
8 9 36
4 5 26
12 11
12
2
6
12
15
14
2
19
3
19
15
6
4 3 22
3 1 49
1 10 56
10 0 42
0 8 17
8 5 38
0 2 32
2 7 22
5 6 59
6 11 39
0 9 18
12 11
18
2
12
9
3
16
7
8
15
10
1
15
8 6 18
6 5 53
5 0 39
0 4 58
4 11 6
6 7 26
5 3 54
3 10 40
11 1 7
0 9 11
9 2 26
12 11
17
17
1
11
1
3
8
11
16
11
19
16
11 1 21
1 9 8
9 4 8
9 5 13
5 8 31
9 6 49
6 3 17
6 0 11
11 7 47
6 10 56
3 2 21
14 13
15
17
14
10
13
14
20
8
8
5
11
10
12
12
12 0 54
0 1 25
1 10 9
10 11 49
1 7 40
7 13 37
13 5 4
11 4 17
4 9 1
9 8 56
8 3 46
12 2 12
10 6 25
14 13
7
11
13
5
10
2
5
8
15
9
7
9
7
12
9 11 51
11 10 17
10 7 16
7 0 29
0 5 37
9 8 32
8 13 43
8 4 59
10 6 58
13 12 36
4 2 37
12 3 12
11 1 56
14 13
5
13
17
4
8
13
20
7
15
18
4
9
10
20
2 4 11
4 8 50
8 13 57
13 0 38
0 6 37
0 10 21
10 12 43
8 11 27
13 3 52
3 9 12
9 7 26
6 5 44
11 1 36
14 13
3
1
13
17
12
13
1
18
7
11
18
8
7
14
8 9 59
9 7 31
9 5 49
5 0 13
0 2 38
2 6 34
6 10 18
10 11 27
11 4 11
2 1 29
1 13 7
13 12 33
12 3 5
14 13
3
18
12
19
6
13
4
15
5
4
2
11
15
11
10 12 18
10 11 37
11 0 1
0 4 21
4 5 49
5 7 55
7 6 59
6 3 37
7 1 11
7 9 27
0 13 58
4 2 31
2 8 53
14 13
8
19
9
13
7
17
2
5
11
13
14
17
4
18
13 11 41
11 2 4
2 1 14
1 10 29
10 3 47
3 4 26
3 6 29
4 8 32
3 5 9
5 7 44
6 12 32
12 9 29
10 0 32
14 13
16
18
6
5
12
20
15
5
3
17
4
8
17
4
9 12 41
12 4 8
4 13 36
13 11 22
11 2 49
2 5 8
13 10 2
10 7 53
9 1 18
1 0 32
13 8 25
7 6 49
11 3 14
14 13
11
8
3
20
10
16
2
20
4
11
6
16
14
6
3 1 48
1 4 25
4 0 11
0 8 7
8 11 22
3 6 54
8 13 10
6 10 9
10 2 20
8 7 1
3 12 3
11 9 54
10 5 26
14 13
18
15
20
19
3
6
5
11
7
2
10
15
19
20
1 7 10
7 6 55
6 3 39
3 12 5
3 9 2
12 0 44
12 13 28
13 8 59
7 2 40
2 10 14
10 11 49
8 5 54
7 4 7
14 13
19
7
16
20
7
6
18
12
12
19
3
17
10
14
8 4 53
4 13 47
13 0 3
0 9 50
13 1 49
1 10 22
9 2 54
2 7 34
7 3 44
8 12 43
12 6 6
10 5 57
2 11 59
16 15
11
15
16
17
6
18
19
17
2
2
17
14
6
16
2
5
13 0 54
0 7 38
7 14 49
14 3 15
3 8 15
3 9 37
9 1 29
1 12 50
8 11 25
11 6 6
8 4 40
1 10 15
9 15 59
3 2 56
15 5 25
16 15
16
7
10
6
13
17
5
11
1
8
6
3
20
15
9
6
1 8 25
1 11 22
11 4 25
4 0 43
0 15 54
15 10 12
10 14 25
14 13 33
1 5 11
10 9 35
15 2 1
14 6 51
6 7 16
15 12 11
7 3 38
16 15
1
18
8
5
17
18
12
6
12
5
2
10
13
3
9
5
14 15 16
15 6 15
6 2 54
2 3 54
3 5 12
5 0 43
0 7 2
14 1 44
1 4 24
4 8 24
0 11 56
11 13 11
13 9 31
2 12 54
12 10 28
16 15
10
6
7
8
6
14
13
2
6
17
1
3
10
11
8
1
9 1 52
1 7 11
7 11 53
11 2 5
2 3 19
3 8 28
8 0 2
1 14 60
14 12 9
12 15 30
14 5 26
15 10 17
10 13 43
10 6 51
0 4 27
16 15
6
14
3
19
1
19
14
6
8
7
19
6
12
11
6
19
12 14 3
14 6 51
6 7 39
7 0 45
0 4 12
4 10 29
6 3 42
3 2 17
2 9 26
9 5 46
10 8 31
4 13 33
13 1 39
10 15 39
4 11 3
16 15
4
13
3
2
10
12
8
1
11
19
16
19
7
17
11
3
11 6 59
6 8 49
8 3 39
3 2 7
2 7 13
7 13 11
13 12 51
12 10 18
10 15 21
6 1 15
12 14 56
14 9 39
15 0 21
3 5 46
2 4 2
16 15
7
15
16
8
6
11
2
4
15
10
17
11
10
2
19
18
3 8 3
8 12 40
12 0 51
0 11 21
11 2 3
2 6 4
0 1 38
1 14 25
6 4 43
6 9 25
9 5 53
9 10 26
4 15 16
5 7 43
4 13 6
16 15
20
6
5
9
7
15
14
10
12
17
1
13
15
14
16
3
0 9 21
9 1 60
1 11 4
1 13 43
11 14 25
9 8 57
8 6 28
6 12 26
12 2 17
6 7 42
6 10 24
7 15 37
1 3 28
8 5 42
13 4 57
16 15
11
10
11
2
16
5
6
14
2
19
8
14
14
12
9
8
9 12 10
12 6 22
6 15 1
15 3 21
3 0 26
12 4 17
4 13 18
6 14 36
14 11 48
3 10 4
15 1 5
1 5 1
5 8 54
6 7 14
8 2 12
16 15
17
5
1
6
9
13
2
5
11
15
3
16
1
15
17
3
6 9 20
9 13 47
13 14 23
14 8 51
8 3 28
3 2 11
2 7 27
7 11 35
11 0 37
2 10 24
10 4 59
6 12 41
12 5 2
5 15 60
10 1 2
18 17
6
2
15
3
4
11
1
4
1
4
3
5
18
3
1
3
19
11
0 15 52
15 13 15
13 10 45
10 17 42
17 1 48
1 12 17
0 14 21
14 7 36
17 5 8
5 9 44
17 6 7
12 4 51
6 8 26
8 16 19
4 2 38
10 11 46
5 3 36
18 17
3
14
14
5
11
15
11
2
2
10
15
14
1
19
8
20
9
18
3 11 36
11 7 1
7 10 40
10 16 56
16 2 9
2 8 46
8 13 45
13 5 34
5 0 3
0 17 20
16 12 12
16 15 34
15 9 54
15 6 52
0 1 11
1 4 3
3 14 41
18 17
8
2
20
16
6
16
18
7
7
9
10
12
15
19
7
19
4
14
10 7 44
7 1 46
1 5 39
5 15 54
15 13 58
13 9 43
9 4 46
9 12 6
13 11 51
11 8 8
10 0 50
15 16 43
8 6 7
8 17 43
15 14 38
14 2 7
17 3 19
18 17
14
5
3
12
6
1
16
16
18
1
17
14
20
20
13
2
8
5
7 9 26
9 0 20
0 16 43
16 8 13
8 6 18
7 14 58
9 3 49
3 1 37
7 4 46
1 15 17
14 5 37
5 2 47
8 12 17
6 13 56
13 11 18
3 10 4
12 17 3
18 17
5
10
1
3
4
1
10
19
5
5
12
17
15
12
19
2
13
7
14 2 3
2 15 39
15 12 49
12 13 34
15 4 31
2 10 39
12 16 20
16 9 47
2 5 7
9 3 32
3 0 49
0 11 30
15 8 36
8 1 20
10 17 38
8 6 19
17 7 12
18 17
15
18
18
17
5
20
5
19
12
13
7
20
17
8
15
13
16
8
4 7 46
7 2 14
2 10 49
10 15 59
15 8 27
8 5 20
5 14 41
14 12 2
2 11 36
11 9 20
15 16 9
16 0 51
14 13 48
0 6 24
8 17 53
2 3 51
4 1 31
18 17
9
11
9
8
18
11
4
19
11
14
12
18
3
9
3
1
5
6
4 8 43
8 9 35
9 17 55
17 0 50
17 1 26
1 15 14
9 16 20
16 6 1
6 12 38
12 10 58
10 3 12
4 11 11
0 5 46
5 13 29
10 14 41
0 7 12
17 2 26
18 17
4
13
13
14
11
9
12
20
5
1
11
6
8
17
17
18
9
14
14 12 47
12 10 40
10 4 54
14 0 7
12 6 54
12 15 21
6 5 42
5 8 15
8 11 36
5 7 1
8 1 31
1 3 15
3 17 48
15 16 8
3 2 23
2 9 9
5 13 12
18 17
20
10
13
7
2
4
17
20
15
3
4
19
17
5
7
4
2
4
13 9 29
9 6 50
6 1 28
1 15 23
13 16 27
16 2 19
1 7 50
7 14 19
14 17 49
14 11 57
11 5 30
6 12 57
2 3 46
3 0 50
11 10 16
10 4 13
5 8 28
18 17
4
9
11
2
12
15
1
17
5
17
3
2
10
9
6
20
18
3
12 5 2
5 3 43
3 11 47
11 2 4
2 13 58
13 1 22
1 9 10
9 4 36
4 17 46
4 7 59
7 8 18
13 15 16
15 0 58
9 6 48
3 14 27
8 10 58
5 16 30
20 19
8
1
2
12
6
5
11
11
20
19
17
2
2
8
15
1
10
17
15
17
5 17 55
17 12 15
12 4 27
4 13 47
13 0 11
0 7 4
7 9 43
9 8 54
0 19 47
19 18 20
0 11 33
11 15 60
4 6 58
0 1 52
15 10 19
12 16 15
9 2 56
18 14 50
5 3 51
20 19
13
1
7
1
15
5
7
6
4
7
13
8
6
5
3
18
9
7
12
8
6 5 47
5 1 7
1 14 58
14 3 58
3 18 58
18 9 16
9 11 49
11 7 41
18 12 54
12 0 28
0 19 54
3 17 39
17 15 6
18 16 10
16 13 35
7 8 20
3 2 57
2 10 11
13 4 36
20 19
12
3
1
4
6
15
9
15
14
4
18
16
12
3
5
9
15
1
4
13
19 14 35
14 7 37
7 16 5
16 2 9
7 6 35
6 8 36
8 13 44
7 3 29
3 18 32
8 5 34
13 15 31
15 11 17
5 12 2
6 9 17
3 17 50
8 4 49
15 0 55
0 1 20
7 10 45
20 19
20
15
10
20
9
5
1
4
3
10
19
4
6
17
16
7
10
19
10
7
10 16 30
16 7 9
7 2 26
2 14 2
14 18 50
18 9 7
16 19 50
19 12 15
12 1 33
12 11 38
11 15 14
19 13 34
7 6 43
2 0 6
9 3 15
14 5 39
19 8 16
15 17 49
17 4 52
20 19
12
19
12
20
19
10
6
8
15
15
8
12
6
17
16
5
15
2
12
7
1 10 43
10 4 25
4 9 4
9 11 42
11 6 56
11 7 56
7 14 53
1 16 22
16 13 1
13 18 14
18 17 11
16 8 52
8 12 27
4 3 7
16 5 20
5 15 31
3 2 57
3 0 25
18 19 47
20 19
8
11
16
8
20
10
20
9
19
14
20
1
19
1
13
1
8
1
11
10
17 5 48
5 2 30
2 16 42
16 8 46
8 11 3
8 13 6
13 10 22
10 1 30
1 6 39
8 3 8
11 19 46
2 9 34
11 4 46
5 7 20
8 18 51
18 15 20
19 14 51
17 0 47
13 12 49
20 19
1
2
18
13
3
1
10
1
13
3
15
19
16
6
14
20
19
18
2
9
5 11 32
11 7 49
7 19 52
19 18 12
18 4 19
4 0 13
18 15 57
15 1 12
19 13 45
11 9 47
18 17 38
4 2 39
9 3 59
17 16 30
19 10 4
4 8 7
18 6 8
13 14 12
1 12 18
20 19
9
19
8
7
15
10
19
8
19
13
11
2
8
10
9
1
14
3
13
8
17 4 36
4 15 10
15 2 6
2 19 41
19 7 40
17 0 60
4 8 33
8 3 15
3 13 46
13 11 60
0 5 55
4 14 49
0 9 30
0 10 15
17 12 50
12 18 52
18 16 14
17 6 18
6 1 13
20 19
5
9
12
9
12
9
12
3
14
9
8
10
17
3
11
10
8
10
10
7
13 16 6
16 5 27
5 9 27
9 0 35
0 6 1
6 15 10
15 8 46
15 2 4
2 17 49
17 1 5
6 11 59
13 19 53
19 10 57
11 3 56
10 7 56
5 14 29
8 4 44
2 18 28
7 12 46
20 19
7
2
8
14
14
15
18
12
3
9
4
20
11
5
5
17
12
3
7
10
18 3 10
3 12 39
12 10 12
10 5 48
5 0 4
0 13 35
13 2 43
2 15 49
15 4 20
12 6 47
15 8 23
2 7 6
13 19 14
19 9 25
4 14 59
10 17 22
4 16 8
16 1 31
4 11 6
