60
10 22
14
12
10
18
16
7
6
7
2
11
6 5 42
5 1 60
6 0 17
0 2 42
2 7 54
7 3 20
3 9 20
9 8 23
3 4 60
2 4 3
7 4 33
0 8 49
1 0 46
2 1 39
1 3 37
0 9 36
6 4 53
4 0 24
2 3 58
3 6 32
4 8 10
7 6 17
10 22
3
1
19
13
15
4
5
6
3
14
1 6 33
6 7 45
7 9 49
9 8 60
8 0 52
0 4 48
4 5 33
0 3 22
1 2 48
5 9 29
8 7 39
4 1 19
5 6 49
1 5 1
8 1 16
2 6 33
2 3 17
4 7 57
5 2 17
7 2 11
4 9 46
7 3 52
10 22
6
8
15
14
7
14
16
2
18
17
7 0 29
0 9 54
7 5 19
0 3 53
3 6 30
6 4 2
4 8 57
6 1 23
8 2 31
3 1 11
5 6 44
1 8 36
1 5 26
1 7 12
4 3 54
8 6 28
2 6 36
4 7 47
4 5 12
1 9 39
2 7 8
5 2 44
10 22
12
1
13
20
11
3
17
19
16
14
5 4 11
4 1 57
1 8 29
8 2 44
8 0 46
0 3 51
2 6 56
6 7 7
2 9 22
2 7 35
8 5 57
3 2 42
2 5 17
3 1 11
1 9 35
6 4 36
9 5 53
5 7 16
8 6 26
0 2 35
0 7 36
3 8 15
10 22
14
11
5
10
20
9
9
1
7
5
7 5 28
5 9 39
9 6 1
5 2 3
2 1 53
2 0 16
0 3 23
0 4 39
6 8 58
9 3 26
7 6 42
6 1 53
8 3 11
4 7 40
3 4 24
0 6 14
3 6 47
1 9 33
3 1 10
8 9 60
1 4 49
6 5 58
10 22
7
20
10
9
8
11
16
19
4
17
6 0 51
0 5 6
6 3 8
0 7 2
7 4 41
3 2 53
3 9 23
9 8 31
5 1 19
5 6 5
2 7 56
7 8 19
5 4 50
0 4 3
6 7 47
7 1 41
1 6 15
0 2 20
9 2 45
5 2 22
3 0 21
9 0 14
10 22
14
9
7
3
7
6
11
19
7
9
1 6 44
6 9 10
9 3 25
3 0 1
0 5 42
6 8 12
3 7 24
7 4 27
6 2 51
2 5 46
0 9 32
9 1 56
3 2 4
0 2 3
8 2 46
5 7 3
9 4 26
4 1 25
3 8 57
0 8 4
1 5 52
4 2 51
10 22
15
13
15
3
2
15
16
6
15
20
5 4 23
5 1 35
1 0 36
0 2 16
2 9 25
5 8 30
8 7 19
7 3 31
3 6 23
2 8 1
0 7 52
0 6 44
6 9 59
2 1 49
5 0 9
1 9 36
6 1 25
8 1 27
0 3 29
7 5 2
3 4 39
6 8 24
10 22
11
12
16
3
5
15
9
13
7
7
0 7 18
7 2 55
2 1 42
7 4 30
0 5 60
0 8 2
4 9 13
9 3 28
1 6 1
9 2 9
7 3 34
9 1 21
0 6 10
4 0 56
3 6 14
7 5 53
8 7 56
5 3 52
9 6 59
8 2 4
1 5 50
1 3 49
10 22
19
19
17
18
1
10
6
6
14
10
9 2 39
2 8 24
8 1 5
2 4 60
4 7 40
8 6 44
2 0 15
0 3 29
1 5 17
0 6 30
2 5 51
9 3 12
6 3 20
5 0 57
2 7 49
9 4 42
2 1 8
3 7 44
4 0 31
9 7 27
0 7 5
1 0 29
12 33
11
9
16
1
18
15
8
3
8
19
17
9
3 0 58
0 2 6
0 6 45
2 4 20
4 5 26
2 7 25
7 1 40
7 9 21
6 11 9
4 8 32
6 10 5
1 10 21
10 5 58
3 11 21
9 4 49
7 0 56
0 4 22
0 10 27
1 6 22
8 6 32
8 1 2
3 10 6
7 5 30
11 2 34
11 1 43
7 4 44
9 1 26
6 4 55
0 1 10
4 10 55
8 11 52
7 10 5
5 0 30
12 33
8
18
8
8
19
6
8
1
13
14
3
6
6 8 39
8 10 5
10 2 34
2 7 49
7 11 35
7 0 8
0 5 14
0 1 34
1 3 1
0 9 39
11 4 5
11 9 25
6 1 57
1 7 44
3 9 34
0 2 12
6 0 46
10 7 8
4 6 52
3 0 11
7 5 9
8 1 56
4 8 53
1 9 25
8 9 49
2 8 8
9 6 19
0 4 12
5 2 58
4 2 55
9 7 17
8 3 5
4 3 57
12 33
5
20
4
11
2
16
1
17
19
18
8
16
6 8 47
8 7 38
7 10 8
10 2 12
10 9 22
7 5 1
5 11 17
5 1 29
1 4 13
8 3 10
7 0 6
11 7 37
5 6 3
5 8 30
11 10 41
1 10 37
7 9 27
0 3 20
9 3 52
11 1 34
1 6 14
5 4 17
5 10 7
5 2 45
9 8 57
2 8 39
4 0 15
2 9 9
4 11 27
6 3 3
1 7 28
5 0 21
3 1 18
12 33
19
18
12
12
10
14
7
9
9
5
4
13
8 4 6
4 0 28
0 3 19
3 1 56
4 9 27
3 11 37
0 7 27
7 10 51
10 5 1
3 2 3
1 6 38
5 6 2
0 10 36
8 0 23
6 4 29
5 1 51
11 4 15
2 6 38
3 4 50
10 6 31
8 3 49
3 10 2
1 9 7
3 7 20
9 8 20
1 11 31
1 2 15
10 11 59
5 4 38
7 6 52
5 9 1
6 9 46
5 7 10
12 33
16
7
16
9
15
6
9
3
20
8
20
1
1 7 12
7 6 59
6 4 38
4 9 60
4 5 31
5 8 22
8 2 11
5 10 14
7 11 5
8 3 58
6 0 46
4 10 58
7 4 41
2 10 18
10 11 60
0 1 1
0 10 58
1 2 35
3 2 45
2 11 54
9 7 22
11 0 50
5 11 29
1 11 24
8 10 28
5 9 58
3 5 57
11 9 32
4 1 36
5 0 23
10 1 43
6 1 3
8 1 25
12 33
18
9
13
4
9
17
13
15
20
15
16
20
2 9 54
9 0 48
0 1 12
1 5 6
5 8 34
1 4 6
0 6 36
9 3 51
2 7 26
1 10 18
9 11 12
7 8 23
10 0 30
3 4 25
3 8 25
5 2 44
2 6 59
4 2 60
9 7 23
7 5 33
3 0 1
9 6 41
6 11 60
5 3 4
5 4 6
5 6 53
10 9 19
10 2 49
7 3 26
4 9 27
10 6 29
4 0 45
11 7 32
12 33
12
4
17
1
12
11
6
12
13
5
12
7
2 8 57
8 4 35
4 1 15
2 6 7
1 7 13
7 0 60
8 10 6
1 9 43
2 5 54
0 3 29
0 11 20
10 2 25
9 3 43
4 11 44
10 4 52
2 4 14
5 1 9
8 9 59
10 11 7
3 1 55
0 8 48
3 4 6
8 11 24
9 10 29
5 3 53
10 3 18
6 4 19
7 3 25
2 7 59
11 1 8
6 0 19
11 9 7
6 11 14
12 33
8
14
5
15
7
12
4
16
15
20
18
1
11 3 6
3 8 49
8 4 12
4 0 10
8 1 22
1 2 42
11 7 17
1 6 51
8 10 26
10 9 56
3 5 45
6 0 53
6 4 57
7 10 45
4 1 59
3 4 58
9 1 40
2 3 33
10 3 51
8 9 56
8 6 56
4 9 2
11 4 3
1 11 37
9 2 21
9 11 35
2 11 58
7 1 29
7 8 27
10 11 43
10 4 48
3 1 16
7 5 48
12 33
1
18
8
7
1
16
1
9
7
8
6
16
1 6 57
6 4 1
6 8 30
8 9 52
4 5 12
9 10 19
1 0 18
0 3 50
3 2 30
2 7 55
5 11 28
0 9 46
0 8 52
1 11 2
4 10 45
6 2 29
8 5 8
4 0 37
7 10 59
2 4 31
5 9 42
6 0 22
9 2 54
1 7 1
11 2 26
4 9 3
10 2 52
2 5 5
0 5 14
3 10 40
7 4 1
3 4 48
11 4 10
12 33
9
15
19
15
19
11
20
14
18
1
15
18
3 2 55
2 10 36
10 7 59
7 8 14
8 11 34
11 6 22
6 1 20
7 9 58
3 0 57
8 4 59
10 5 41
1 5 44
7 4 28
10 9 18
5 7 49
4 11 30
6 8 2
1 4 12
9 8 26
2 7 52
2 11 11
9 11 21
9 3 42
7 1 16
8 5 49
4 6 20
11 7 10
2 4 45
2 0 11
3 6 27
11 5 52
5 6 44
9 0 34
14 45
2
8
12
15
7
9
20
7
1
9
1
4
9
2
8 9 51
9 12 57
8 7 55
7 2 37
9 13 10
13 1 35
1 6 40
13 10 15
6 11 57
8 4 16
12 0 14
4 3 58
3 5 18
1 3 22
1 2 45
6 13 53
12 5 6
1 9 29
7 13 4
11 12 42
4 10 40
2 4 22
5 1 46
1 12 51
4 11 2
9 3 30
0 2 47
5 13 47
10 7 10
11 0 42
12 4 30
1 7 42
2 11 55
12 7 1
9 7 52
5 6 45
10 11 13
12 13 60
5 11 47
1 8 40
13 4 27
10 5 16
9 2 14
8 3 44
5 0 12
14 45
16
1
13
4
8
16
15
19
6
8
6
14
3
7
6 9 54
9 7 15
7 8 9
8 13 13
13 4 50
6 3 3
3 11 18
11 10 50
10 1 33
9 5 20
5 2 28
4 12 28
10 0 50
11 4 26
2 13 19
2 3 50
13 12 41
9 11 46
11 0 21
3 1 44
2 4 37
12 1 23
12 3 2
11 2 10
11 7 26
0 6 14
6 8 21
2 6 38
8 10 5
6 7 59
3 4 50
12 5 41
0 1 9
9 0 18
12 8 2
8 2 50
6 4 4
1 9 28
5 10 49
0 12 10
2 7 38
10 3 47
0 4 36
11 6 36
9 8 33
14 45
12
18
10
20
4
14
11
8
19
16
19
12
20
3
5 4 22
4 7 29
7 6 49
6 9 47
9 10 39
7 2 7
2 1 29
1 13 54
9 12 10
5 3 47
7 0 45
7 11 9
11 8 31
4 2 22
7 3 25
0 2 23
1 10 50
4 10 55
13 9 44
13 12 20
10 6 54
0 13 23
2 11 59
4 6 9
1 0 11
11 9 37
10 7 4
6 0 48
9 2 33
11 12 21
9 0 32
12 2 24
11 3 36
6 1 24
2 8 11
11 4 43
3 8 43
4 3 25
2 10 36
13 6 8
5 13 38
3 9 44
4 13 24
12 0 19
10 12 20
14 45
19
3
13
18
13
3
15
14
15
16
3
20
14
6
10 8 25
8 5 40
5 1 15
1 4 9
4 2 11
2 11 27
2 6 23
2 12 2
4 3 41
3 13 7
2 9 18
12 0 53
2 7 55
8 12 42
6 11 31
3 10 48
6 12 21
4 7 7
1 12 43
10 11 27
12 7 29
3 8 2
3 5 37
2 13 7
1 3 25
8 0 45
12 13 30
8 4 45
9 4 31
1 10 3
13 4 24
0 3 6
7 10 48
13 5 45
11 13 22
4 12 48
6 8 26
2 10 23
9 7 51
11 5 56
1 13 29
0 5 6
1 8 1
10 12 12
7 5 12
14 45
2
18
7
1
13
14
13
2
1
7
15
19
20
11
10 13 34
13 0 15
0 6 47
6 4 53
4 9 25
9 7 4
7 12 41
4 11 23
11 8 18
12 2 17
6 1 30
7 3 29
3 5 53
11 5 39
11 7 37
2 7 1
3 12 30
11 1 37
10 7 36
1 7 26
5 8 21
2 0 36
11 10 24
7 13 6
8 6 23
4 5 44
9 13 25
13 11 38
10 4 48
10 9 9
4 1 1
3 6 60
11 12 46
9 11 3
10 6 17
0 5 7
7 0 12
12 9 33
1 13 23
4 0 13
0 3 18
8 9 32
1 3 15
13 8 9
2 1 46
14 45
18
15
12
7
17
4
1
3
16
12
19
2
20
18
7 0 21
0 8 5
8 12 17
12 13 8
0 6 52
6 9 29
9 3 6
8 1 21
1 2 15
1 10 14
10 5 15
9 11 7
8 4 2
13 11 6
11 1 15
4 5 57
11 7 27
11 12 7
11 4 3
2 10 48
11 8 42
6 2 33
5 7 34
4 7 2
8 2 5
0 3 59
2 11 33
9 4 48
13 1 23
4 6 47
13 4 1
8 5 31
10 3 4
13 2 33
12 0 21
11 3 33
8 6 12
9 5 35
13 7 6
9 10 57
1 12 49
5 2 29
7 12 7
13 0 43
6 5 46
14 45
9
19
15
14
5
7
17
13
10
14
11
6
19
16
2 11 47
11 9 11
11 7 37
7 13 54
13 5 40
5 6 31
6 12 7
13 8 9
9 1 36
1 10 9
11 3 9
11 0 30
2 4 40
4 11 4
5 8 52
4 9 60
0 1 57
2 5 15
12 7 2
7 9 57
9 8 59
13 3 22
3 4 43
8 3 14
4 12 15
10 8 11
12 0 17
2 0 20
3 9 58
11 1 14
6 4 9
6 0 14
5 12 58
6 11 19
2 12 12
1 4 14
2 13 60
6 9 24
4 0 45
9 0 55
1 6 41
12 1 47
0 8 59
13 11 2
6 7 10
14 45
14
17
10
14
5
15
11
6
15
10
16
3
17
6
2 7 45
7 5 34
5 13 2
7 3 54
13 1 56
1 8 38
8 11 42
11 0 14
2 6 34
13 4 2
5 9 7
5 12 49
12 10 3
4 7 52
0 4 2
3 13 54
2 0 9
0 3 9
4 12 4
13 11 18
9 3 45
10 7 43
9 10 60
7 8 9
0 9 31
4 6 43
2 10 18
0 12 40
11 12 59
1 6 12
0 7 49
12 3 12
12 9 21
11 2 57
12 13 22
8 2 9
8 4 43
11 6 22
10 0 34
5 4 19
3 5 29
3 11 2
1 5 4
3 1 60
6 7 27
14 45
19
16
10
16
7
9
2
20
1
5
3
7
12
15
3 1 45
1 0 7
0 9 58
9 11 40
9 6 47
6 12 19
11 2 56
9 4 26
9 13 37
2 5 28
9 10 30
10 8 18
0 7 26
3 13 53
0 8 37
5 8 3
5 0 53
11 12 57
11 7 19
12 5 2
7 13 38
2 7 34
5 7 27
4 12 38
2 1 35
4 2 13
11 0 25
6 11 33
6 0 46
4 11 29
13 11 8
1 12 34
5 9 7
13 12 13
10 5 37
1 11 50
13 5 39
5 11 34
10 12 6
3 4 8
6 5 5
8 7 59
13 8 29
6 13 14
10 2 37
14 45
3
17
9
15
18
7
15
3
19
5
20
15
9
12
12 4 31
4 9 8
9 8 31
8 0 42
0 5 25
9 2 47
2 10 32
10 7 2
10 11 33
11 3 42
8 6 36
11 1 7
12 13 16
3 9 27
13 7 40
10 6 7
5 4 2
8 7 14
12 10 18
3 7 18
0 12 17
6 11 26
5 12 3
6 0 10
7 4 46
8 2 50
7 5 25
0 9 7
5 2 59
1 2 52
3 0 22
13 2 12
11 7 19
11 9 15
3 5 42
10 5 29
13 0 14
2 11 3
4 6 57
3 8 31
0 4 2
3 6 23
1 0 30
11 12 32
7 1 17
16 60
2
15
16
12
2
11
18
17
15
20
2
8
17
4
2
20
1 4 29
4 0 4
0 2 23
2 14 1
14 13 40
13 10 15
14 7 46
7 15 54
15 8 33
7 5 53
5 12 59
12 3 8
14 9 37
13 11 27
1 6 26
8 4 4
9 12 31
11 8 12
4 10 47
7 1 21
3 1 46
14 5 45
9 1 53
1 10 46
3 11 26
15 5 11
15 10 32
5 4 50
10 12 2
9 4 54
9 11 26
3 4 55
15 11 9
14 11 45
0 3 23
15 1 37
13 2 50
7 3 2
2 6 8
3 2 12
10 5 8
2 9 36
8 1 51
7 11 2
0 14 22
11 2 43
13 9 29
8 3 48
8 10 39
6 11 47
6 15 16
6 12 28
15 3 24
10 11 29
12 11 29
3 5 2
11 1 36
13 8 58
1 14 7
7 9 58
16 60
10
8
4
15
12
15
3
8
5
19
6
13
4
9
19
9
8 12 20
12 2 58
2 13 43
13 7 55
12 6 50
12 10 10
10 15 31
13 4 44
4 0 2
0 11 28
11 5 59
2 1 58
8 9 11
7 14 34
8 3 58
7 9 14
15 12 46
13 10 29
6 10 41
0 13 55
11 3 26
5 9 42
9 15 16
7 6 17
0 5 25
10 4 14
0 12 4
3 6 52
8 5 51
11 4 44
8 6 42
8 13 38
12 9 35
11 9 25
4 14 57
1 10 23
5 15 56
4 1 13
1 5 31
4 8 32
3 9 57
15 3 41
1 11 30
6 13 10
1 6 57
12 13 14
7 0 18
4 2 19
2 5 14
5 3 2
7 12 39
5 7 16
14 10 2
13 14 21
4 5 17
8 14 38
11 12 32
9 10 1
1 8 57
3 7 54
16 60
18
12
1
16
16
18
17
18
17
19
15
13
2
14
7
18
6 9 21
9 3 58
3 2 2
2 15 39
15 12 11
15 8 44
8 4 21
4 10 34
10 7 39
7 11 19
11 14 48
14 5 16
6 1 35
3 13 32
4 0 24
2 12 49
11 12 51
4 12 50
6 7 19
15 10 10
11 10 16
1 9 35
12 10 14
9 15 45
4 11 33
11 2 16
12 13 53
0 10 27
7 1 4
11 6 33
2 0 44
14 2 56
5 3 27
15 11 26
11 3 19
2 10 3
0 8 16
13 8 57
7 4 9
3 8 47
6 12 19
10 6 8
4 2 7
15 3 28
15 5 48
14 8 38
9 14 47
1 0 13
8 11 46
0 7 1
14 4 34
10 3 52
13 2 53
12 5 58
4 13 17
6 0 18
6 8 36
12 1 15
1 10 25
0 9 46
16 60
5
17
19
20
2
2
5
1
16
15
13
2
2
10
9
1
14 8 12
8 13 40
13 1 23
1 10 39
8 0 4
0 9 37
9 12 45
12 3 41
3 6 31
6 4 40
6 7 4
7 15 44
15 2 19
2 11 42
8 5 39
4 10 16
13 3 47
2 4 2
0 4 14
11 12 1
14 1 43
6 8 59
4 13 25
5 0 58
9 14 58
14 13 34
1 7 37
4 5 39
14 11 24
4 8 4
12 5 15
4 9 45
12 8 48
11 8 22
10 9 40
13 2 8
15 6 28
0 1 21
10 14 59
5 9 17
12 4 11
13 0 40
1 8 8
5 2 18
9 3 46
8 7 9
1 12 60
10 8 22
10 7 6
11 5 56
13 5 17
10 2 39
1 4 24
3 0 18
5 3 50
14 6 43
2 6 25
11 3 2
12 14 55
8 9 11
16 60
7
6
17
12
13
3
15
6
4
9
10
19
16
10
10
4
9 3 31
3 15 54
15 12 24
12 13 55
15 0 45
0 10 10
10 4 11
0 5 35
10 2 44
5 14 34
12 1 31
9 8 33
0 6 31
6 7 26
1 11 36
4 0 14
15 14 9
12 8 17
6 3 48
4 9 53
14 11 29
11 12 60
6 12 16
1 15 1
5 8 24
10 12 41
5 11 32
9 7 30
6 14 25
10 5 39
15 2 1
5 9 22
6 1 33
5 6 43
9 11 24
7 10 29
0 13 47
3 10 56
14 7 44
13 6 34
14 8 13
11 7 22
7 13 59
11 13 35
10 14 43
3 4 49
11 4 53
9 14 60
13 10 55
15 8 31
1 9 43
0 9 11
12 5 37
5 4 1
1 14 25
8 6 48
3 1 45
1 7 24
9 15 7
7 2 49
16 60
7
17
4
4
10
4
7
5
12
20
17
11
13
4
19
19
5 14 4
14 6 50
6 11 2
11 0 51
0 2 45
0 10 23
10 4 43
4 13 54
13 1 8
5 3 27
10 9 22
10 12 36
13 8 42
0 7 3
13 15 23
12 14 26
8 5 27
8 3 14
15 6 41
10 14 18
6 9 49
9 4 37
0 5 24
9 2 10
11 14 34
15 4 28
4 11 46
13 0 9
0 9 5
1 11 60
2 10 47
8 9 11
0 12 23
3 6 47
9 12 37
10 6 9
6 4 18
6 1 6
2 15 44
2 1 36
3 1 43
7 9 46
5 9 50
11 13 60
3 9 5
13 7 58
3 11 33
1 7 26
8 4 8
2 11 42
3 15 55
3 14 17
3 12 44
11 12 7
1 9 28
7 14 22
1 14 33
3 4 30
4 0 30
2 3 19
16 60
20
19
14
18
4
2
1
7
7
16
12
9
20
15
15
8
10 13 25
13 15 35
15 1 48
1 6 46
6 8 44
8 7 20
7 3 38
3 4 34
4 14 22
1 5 48
5 12 16
15 9 15
9 0 57
12 2 18
14 11 31
7 14 20
2 9 47
14 1 44
3 8 15
10 9 55
13 5 4
9 7 58
8 10 12
0 12 23
2 1 4
10 4 36
10 15 49
6 13 41
8 9 15
14 2 55
11 7 40
13 7 15
6 2 54
13 12 30
2 11 51
6 4 60
15 7 49
6 14 5
14 8 32
14 15 46
9 4 38
2 8 38
4 1 42
12 10 43
10 0 55
14 9 59
2 5 15
8 4 21
0 7 47
13 9 15
7 6 34
5 9 26
15 2 44
3 1 36
1 0 56
15 6 1
8 5 4
4 5 49
9 1 58
0 2 52
16 60
11
7
1
11
6
13
1
8
8
14
15
13
18
2
17
17
13 11 44
11 10 56
10 5 15
5 4 48
4 0 17
11 6 7
6 7 44
7 14 9
5 1 22
1 9 34
0 8 18
9 15 29
4 2 24
10 12 13
2 3 20
14 10 47
5 14 35
2 7 37
9 6 9
10 0 3
8 5 16
1 7 15
8 3 7
3 12 29
13 1 4
8 7 35
10 7 24
3 7 46
4 15 45
9 8 9
2 11 42
13 2 56
10 2 41
2 15 16
11 7 28
13 8 34
3 0 55
11 9 42
1 6 51
9 14 24
14 6 33
12 7 51
13 14 17
10 15 55
15 7 60
3 5 46
9 3 33
12 8 28
15 5 44
5 2 58
6 8 2
8 14 50
2 0 37
11 12 30
4 12 53
9 7 26
11 14 23
14 4 16
1 10 22
10 4 7
16 60
5
9
7
2
15
15
6
5
17
4
18
15
15
1
6
10
1 12 36
12 13 35
13 10 57
10 6 32
6 4 16
6 8 18
8 14 34
14 9 4
9 15 8
4 11 47
8 2 36
12 7 56
7 5 40
5 3 32
2 0 54
5 4 31
7 3 12
2 1 35
9 12 53
9 10 5
9 8 2
2 5 12
8 15 26
5 9 30
10 12 1
0 15 27
5 11 37
2 14 15
12 3 50
13 15 22
7 6 16
13 6 34
9 6 7
14 12 8
5 14 55
14 10 13
15 6 47
14 7 46
0 12 49
2 9 42
11 1 26
7 10 42
0 6 31
6 11 2
3 4 12
13 8 39
6 12 21
13 3 52
14 3 9
14 1 6
13 11 34
3 10 50
5 15 49
11 9 4
0 10 33
12 5 2
10 4 53
0 11 1
3 9 7
6 5 38
16 60
4
11
7
13
5
4
15
10
5
7
13
18
10
2
6
14
5 7 23
7 4 18
4 11 1
11 1 33
1 14 22
14 12 19
12 13 38
11 9 51
9 10 54
5 6 10
9 2 29
7 15 43
11 0 48
10 8 17
1 3 60
15 14 19
7 0 10
8 15 38
13 6 28
15 12 16
4 15 17
0 10 9
13 1 45
2 4 47
9 12 21
3 6 53
12 8 1
13 10 15
13 7 4
2 11 59
12 11 39
5 15 25
5 0 39
2 12 38
12 7 43
8 2 40
11 13 20
10 4 60
12 0 32
15 6 60
10 7 56
5 14 8
0 9 9
1 10 46
3 9 32
11 5 6
8 4 1
2 5 11
4 3 45
3 15 50
8 13 46
13 0 13
15 9 12
13 2 4
7 8 1
1 9 4
2 0 33
7 14 27
15 10 25
5 9 4
18 76
11
20
19
3
14
1
17
2
5
14
11
16
16
6
12
15
1
9
10 16 59
16 5 32
5 9 15
9 14 47
9 2 56
16 1 7
1 17 17
2 4 47
4 6 34
9 3 13
3 7 45
2 12 37
12 13 54
16 0 5
10 11 30
2 15 40
15 8 4
5 0 21
3 12 34
6 0 49
11 6 20
13 14 15
17 3 34
2 0 28
2 8 59
6 15 37
11 4 17
12 16 34
6 1 45
2 14 33
11 2 16
5 1 7
5 13 11
15 10 60
12 11 22
1 8 38
13 10 51
3 4 44
8 4 1
10 9 29
2 5 5
13 11 1
1 7 52
17 0 50
7 13 40
8 12 31
14 16 14
2 7 36
14 0 27
16 2 44
1 9 7
5 11 39
3 8 51
1 11 33
4 1 44
15 5 6
6 13 6
4 16 51
12 5 47
15 3 14
0 11 33
16 9 15
2 13 25
2 6 44
9 8 40
3 2 23
0 8 10
9 7 20
3 13 43
4 15 47
3 11 50
17 2 43
8 5 36
9 4 14
13 17 13
11 7 48
18 76
3
5
12
12
10
13
15
13
14
10
19
16
20
3
14
12
6
6
17 13 54
13 0 14
0 2 27
2 12 6
12 4 39
4 7 41
7 14 40
13 1 35
2 15 22
2 3 39
3 5 44
5 11 16
5 8 42
13 10 28
10 6 10
6 16 6
17 9 53
6 13 25
15 5 47
12 15 54
6 12 35
8 13 11
0 8 46
1 5 45
11 8 8
10 8 25
7 10 36
10 0 60
12 17 37
3 7 31
7 8 11
11 4 8
9 5 28
5 16 34
14 17 21
15 0 36
8 1 54
11 0 41
12 3 51
7 12 19
12 9 4
12 5 23
13 4 42
6 2 54
5 0 9
2 17 37
17 6 4
4 9 19
17 10 41
16 11 15
8 4 29
15 16 23
17 7 33
17 0 5
16 9 32
0 7 40
2 11 38
16 1 19
16 4 37
2 8 60
4 5 21
13 7 21
0 6 18
0 3 29
15 17 29
17 5 44
2 4 46
2 1 18
10 1 30
14 2 24
15 8 15
2 16 32
0 1 30
14 13 45
8 17 4
6 7 6
18 76
14
6
16
16
17
3
2
16
9
10
17
17
12
19
5
2
7
11
10 13 29
13 14 28
14 9 59
9 4 58
4 2 31
10 3 51
3 16 11
3 8 29
2 15 36
15 11 11
9 5 54
5 1 9
3 7 15
13 12 22
12 6 57
2 17 30
7 0 8
14 2 22
5 0 7
4 5 50
9 17 20
7 10 34
9 12 54
5 6 35
3 13 60
6 11 59
16 8 30
11 9 11
8 0 18
10 5 5
0 15 18
9 7 55
1 11 46
10 15 51
5 2 6
8 1 20
5 11 56
11 3 10
6 9 53
2 8 24
9 13 55
4 6 32
16 6 23
2 6 3
14 3 44
17 15 15
14 4 57
2 10 59
4 3 56
11 2 4
4 0 22
1 16 39
13 5 24
7 12 57
11 7 35
17 3 42
10 4 4
10 1 57
14 12 11
6 15 14
2 3 14
13 1 53
9 1 58
13 0 55
1 15 22
9 15 57
8 5 54
15 7 29
0 3 47
14 17 43
8 13 12
8 9 29
8 12 53
16 0 11
15 8 34
17 0 44
18 76
2
13
10
18
5
3
15
7
17
10
19
7
7
20
5
12
3
18
14 13 5
13 2 11
2 3 28
3 5 40
5 15 4
15 9 11
13 11 28
11 8 40
8 0 21
8 10 13
14 12 33
13 6 11
6 7 35
10 16 54
7 17 20
7 1 13
16 4 44
10 5 6
5 13 59
0 10 15
14 5 11
2 5 42
1 15 13
12 4 7
11 17 6
15 17 17
17 12 20
1 12 33
6 2 56
3 6 56
10 4 43
6 5 8
16 14 14
5 0 55
4 5 11
2 10 53
6 15 16
17 14 45
4 6 54
7 8 16
8 4 21
2 0 57
13 3 15
3 7 59
5 8 43
16 6 17
13 7 25
15 11 2
9 8 56
7 16 18
16 3 27
1 2 60
6 1 2
10 9 42
2 12 19
11 7 24
10 13 37
13 16 25
1 11 30
1 4 60
2 17 60
6 0 38
0 15 54
17 6 42
14 0 30
0 11 7
15 13 2
4 17 54
0 7 39
15 4 56
13 12 59
3 1 19
2 16 26
7 4 22
6 10 56
3 0 30
18 76
6
20
7
18
12
11
17
5
13
3
15
17
4
6
7
12
14
1
10 3 18
3 5 16
5 17 50
17 7 40
7 6 8
6 1 31
10 8 14
8 11 45
5 12 37
10 4 56
4 0 48
6 9 29
9 15 15
17 2 2
2 13 1
11 16 37
1 14 33
9 12 34
11 17 24
15 14 59
8 0 54
14 13 34
7 8 44
11 13 52
12 6 49
3 0 32
5 6 44
13 3 12
4 17 44
10 0 60
2 11 52
9 8 27
15 16 53
0 11 18
5 0 35
7 9 23
7 10 6
8 12 10
12 16 11
17 9 18
3 12 53
5 11 9
9 1 55
7 14 35
8 5 21
14 4 45
9 0 31
0 15 11
15 5 29
8 3 4
0 6 30
6 17 35
13 12 34
7 12 11
9 14 14
6 15 13
7 5 53
4 1 56
17 14 30
14 3 14
15 7 13
3 11 5
16 7 58
1 2 38
14 16 41
5 1 22
1 15 59
2 0 53
0 7 47
13 17 57
3 2 14
12 10 26
1 16 27
16 5 1
13 9 45
9 16 23
18 76
16
2
11
10
16
5
11
17
12
10
13
20
16
14
13
3
18
10
9 11 39
11 5 20
5 12 17
12 14 60
14 7 60
9 17 59
14 4 34
4 0 26
5 3 25
17 13 24
9 6 15
6 8 12
17 10 26
10 15 33
15 1 50
1 16 16
15 2 30
9 13 48
1 12 55
3 2 36
13 16 28
12 2 54
14 8 34
12 0 24
8 2 28
3 13 31
16 0 23
6 16 26
9 2 8
15 16 3
3 8 46
13 14 16
10 11 4
16 5 8
9 15 29
1 4 14
10 2 54
7 8 24
8 16 27
9 16 54
3 17 12
14 9 51
2 13 59
12 9 17
2 0 41
12 15 37
0 3 57
2 17 8
1 17 37
6 0 39
2 16 35
15 3 15
14 6 57
12 17 22
2 11 7
8 17 51
13 1 1
4 15 43
12 16 23
13 10 29
7 17 59
10 8 54
16 17 27
17 15 21
4 3 35
17 11 37
8 9 10
10 12 39
17 4 36
13 6 10
16 7 12
2 14 52
13 7 40
17 0 59
1 5 41
15 5 16
18 76
16
12
16
12
14
20
14
9
17
2
5
7
14
20
3
8
18
18
17 13 34
13 9 47
9 6 43
6 16 5
16 7 53
7 2 37
17 4 15
6 5 23
4 14 2
14 1 35
9 8 20
5 15 21
4 3 26
16 0 16
13 11 59
14 10 48
8 12 52
8 0 48
0 2 10
4 12 8
11 6 14
12 10 43
3 2 57
2 9 35
10 1 58
6 13 15
6 15 37
3 7 56
0 7 33
9 15 36
15 0 23
1 13 50
3 14 28
11 3 32
0 12 48
14 13 20
1 4 8
15 1 20
11 10 14
7 10 36
3 9 2
3 16 39
5 7 50
8 1 54
2 16 58
10 16 51
17 2 54
2 4 60
8 16 20
5 11 3
14 7 47
14 17 33
13 3 32
14 9 57
7 4 17
3 0 3
1 0 11
4 11 52
11 1 32
12 15 11
5 14 28
8 13 58
8 6 8
10 15 33
11 16 35
9 4 27
8 7 32
7 13 27
3 17 7
16 5 26
12 6 55
7 12 11
0 17 24
6 3 47
9 11 30
13 12 54
18 76
20
12
13
8
18
18
17
2
2
11
4
5
6
18
12
17
1
10
11 14 56
14 0 44
0 1 50
1 8 28
8 4 53
4 3 13
11 2 32
2 16 10
16 9 21
9 10 1
16 17 42
11 5 52
5 7 11
16 15 47
8 12 2
11 6 44
9 13 36
0 5 19
6 16 19
7 13 27
9 3 57
12 0 39
1 2 28
7 1 35
15 0 55
3 17 51
0 6 16
12 9 57
6 9 20
4 5 29
1 3 59
8 0 9
2 5 24
12 5 11
14 8 25
1 4 8
5 14 2
5 9 10
12 16 12
16 10 25
7 12 28
7 11 26
6 17 37
4 6 51
11 3 43
10 1 7
13 10 10
15 17 56
4 11 32
2 3 46
11 8 54
4 7 51
8 10 38
0 3 38
15 8 43
17 0 24
13 8 55
14 16 46
15 7 11
7 14 12
11 17 3
8 9 52
3 5 32
10 5 14
1 12 3
11 12 36
12 3 23
5 15 29
4 0 57
7 6 1
13 2 14
8 5 28
15 6 59
12 14 14
16 1 10
15 3 31
18 76
6
1
2
17
19
7
11
3
1
18
18
15
5
14
5
19
17
2
1 17 15
17 16 24
16 13 46
1 14 5
14 12 30
12 4 50
4 15 1
15 7 55
7 11 59
15 8 1
16 3 39
3 2 54
12 5 4
8 10 47
2 6 15
16 0 40
5 9 27
17 10 46
1 6 42
8 2 19
8 4 5
8 7 34
2 15 35
12 1 20
10 3 52
7 13 8
17 5 57
13 5 32
13 10 23
15 12 39
6 9 22
14 17 46
10 15 2
16 12 49
3 12 2
4 16 20
17 2 53
9 2 28
0 5 20
6 15 17
13 4 18
9 0 33
15 5 47
5 7 2
4 2 59
4 17 4
1 13 37
7 1 56
17 12 1
12 2 49
2 5 7
3 15 55
14 13 37
14 5 24
6 11 50
12 9 13
8 17 42
15 13 27
10 7 26
16 14 54
0 15 19
10 1 50
13 2 4
13 17 14
3 0 3
7 16 27
11 3 8
7 4 49
6 8 2
13 12 57
1 2 50
15 14 41
12 8 54
12 7 3
16 9 33
6 14 30
18 76
15
18
20
19
3
12
11
2
14
15
13
12
20
15
15
20
2
8
8 2 21
2 1 46
1 13 6
13 16 20
16 7 50
7 3 13
3 5 39
1 10 24
10 17 32
17 6 8
5 4 22
4 0 39
3 12 24
13 11 50
11 9 10
6 15 5
6 14 46
10 8 59
13 4 31
15 14 43
9 2 40
9 13 57
9 16 37
10 6 44
2 5 38
15 5 51
0 15 60
14 17 59
1 0 58
0 10 21
10 9 22
16 4 35
16 3 1
11 10 15
6 0 21
4 1 33
13 12 55
8 16 14
8 1 27
7 12 11
6 4 54
7 11 30
12 17 34
6 5 38
16 17 17
0 16 32
10 7 41
15 1 59
17 1 22
5 14 7
14 16 25
14 1 9
11 17 2
8 14 40
7 0 39
9 5 46
15 10 31
12 2 1
16 5 7
6 16 39
14 7 29
15 3 3
15 16 53
0 14 29
2 13 23
14 10 1
2 17 27
14 4 1
4 2 17
15 4 16
8 5 20
1 5 52
13 17 17
17 5 1
3 14 1
15 17 54
20 95
8
10
4
17
11
9
17
7
5
20
12
5
6
12
19
6
5
1
6
5
11 9 21
9 10 55
10 18 13
18 12 13
18 6 37
12 2 22
11 16 37
11 1 10
1 17 51
17 7 57
10 3 50
6 19 6
10 0 53
3 13 42
13 8 15
11 5 15
13 15 43
9 14 14
14 4 2
0 17 30
4 12 56
3 5 21
1 18 9
10 14 32
16 7 19
3 15 20
6 10 33
16 13 5
17 2 20
5 14 20
5 1 6
11 15 39
15 2 52
13 5 7
3 19 32
0 16 43
18 4 18
14 2 27
14 1 43
16 1 49
19 17 13
4 1 35
9 3 26
2 16 7
9 12 51
14 3 11
14 12 5
16 5 31
4 10 1
18 8 5
19 13 53
15 10 5
9 2 58
9 18 7
8 9 34
14 11 47
15 17 37
4 17 18
7 1 27
13 9 9
19 12 59
10 19 31
2 1 22
9 5 38
12 17 47
2 6 47
12 1 17
12 5 35
7 0 45
1 10 57
19 15 60
19 1 10
2 11 30
1 6 52
17 18 47
7 4 20
14 6 35
13 10 30
6 16 38
6 7 44
19 0 1
4 11 26
7 11 51
16 3 33
10 16 14
4 8 51
1 3 16
11 17 26
4 0 32
8 0 9
13 6 16
11 6 43
4 13 22
6 3 16
5 0 23
20 95
2
1
4
19
4
8
18
3
13
3
19
10
15
6
8
5
20
17
2
1
19 18 29
18 11 5
11 8 46
8 5 9
5 17 34
17 4 20
19 6 22
11 12 22
12 14 37
19 1 49
1 15 17
15 13 37
1 0 20
11 9 57
18 10 45
18 16 42
6 3 58
16 2 26
6 7 38
0 2 19
1 4 13
2 3 56
10 8 24
14 9 31
13 9 22
8 2 34
14 4 37
1 5 28
10 9 45
10 3 24
16 1 50
5 15 20
18 2 33
6 11 26
13 10 42
3 16 42
1 2 42
19 8 28
18 9 38
13 12 6
15 2 31
14 17 46
15 6 48
16 5 58
8 12 22
4 18 56
10 11 23
19 14 11
7 13 5
11 15 34
11 19 56
5 3 2
11 5 15
9 15 24
3 17 1
4 5 6
11 4 56
3 14 43
7 5 4
0 10 6
14 16 39
2 14 5
14 13 17
18 14 53
4 0 7
19 13 21
5 9 15
2 11 17
14 15 19
6 8 37
18 1 16
5 6 38
7 4 17
6 12 42
0 11 25
4 10 11
1 7 4
11 3 21
18 15 50
17 16 58
4 2 59
17 12 18
13 0 59
0 18 33
17 9 25
14 1 15
18 5 38
8 18 30
13 6 44
12 9 42
15 3 37
2 9 28
19 5 49
1 12 29
0 15 3
20 95
8
8
6
12
16
12
16
13
6
6
16
20
17
3
14
16
3
3
7
14
6 5 34
5 13 1
13 14 8
14 17 14
17 7 28
7 2 3
2 8 17
8 12 57
12 15 8
13 18 55
7 19 7
19 9 51
17 10 28
15 0 33
7 4 56
18 16 51
2 3 38
18 11 58
12 1 8
4 13 20
19 14 4
8 13 50
7 3 44
8 1 57
17 12 13
7 5 25
8 0 11
10 12 20
3 17 4
5 3 53
9 4 48
12 0 21
17 18 15
0 14 27
10 1 44
5 10 10
11 12 26
7 6 35
14 15 35
5 4 33
3 9 15
9 14 34
11 0 4
10 3 58
16 7 44
4 0 30
7 15 7
3 8 45
15 18 23
0 17 7
17 15 9
4 1 23
8 6 2
3 15 25
11 14 15
8 9 40
7 11 40
8 11 9
1 17 31
1 16 4
17 11 27
14 8 33
11 16 3
10 19 8
13 7 57
13 16 17
18 0 33
2 12 41
4 8 56
12 16 59
16 4 34
11 3 43
10 16 4
2 19 17
1 9 16
9 2 38
6 2 5
0 5 47
2 1 26
2 11 45
1 5 8
11 10 5
11 9 33
6 4 32
2 13 53
4 12 24
10 6 12
0 2 6
6 0 38
11 6 18
3 0 57
14 6 30
17 8 32
18 1 59
15 6 57
20 95
8
15
15
18
1
14
8
15
11
19
13
18
18
1
5
8
20
19
7
4
9 4 31
4 13 29
13 16 60
16 10 19
10 5 42
5 17 17
5 2 43
2 15 32
15 7 39
7 11 56
4 18 49
9 6 43
9 12 34
12 1 22
1 0 23
17 8 56
1 14 19
9 19 44
8 3 55
0 18 34
0 10 40
1 8 3
3 7 38
12 4 41
8 18 48
11 1 2
12 18 19
5 14 36
18 2 47
1 9 29
19 3 15
10 19 16
1 16 5
13 3 31
16 18 31
5 11 2
15 4 47
7 5 3
6 5 34
2 8 47
18 3 58
2 9 51
7 19 4
14 13 22
15 5 33
8 7 36
0 8 22
0 19 48
7 12 49
15 6 34
3 16 48
12 13 28
8 15 33
18 7 59
16 9 51
1 19 3
11 18 18
14 17 39
14 4 45
6 2 24
17 4 55
17 13 7
19 4 16
16 7 5
1 10 32
15 12 16
5 3 60
19 11 40
7 6 29
13 0 14
11 9 45
9 10 30
18 15 23
14 6 6
7 17 8
16 11 40
17 1 42
5 4 28
9 18 56
3 9 13
18 10 20
14 15 25
15 19 52
15 3 23
19 12 12
17 0 1
6 13 54
8 10 23
2 14 10
6 17 23
2 4 2
16 0 49
7 0 4
17 3 12
2 10 54
20 95
5
12
15
19
11
4
5
8
1
19
3
10
3
13
15
14
8
2
15
4
18 5 46
5 11 27
11 4 28
4 6 46
6 1 52
6 12 19
6 9 15
9 14 53
14 8 26
8 15 37
15 13 18
13 16 58
16 19 2
9 10 30
18 7 9
6 0 9
10 2 48
7 3 41
13 17 12
2 18 48
7 2 41
5 17 24
7 14 10
0 16 53
0 11 45
1 3 24
4 7 43
9 1 8
12 3 59
18 3 44
3 13 56
0 19 3
7 6 23
4 5 42
7 12 1
16 6 8
9 18 60
11 17 42
15 0 51
9 16 2
10 1 44
6 3 59
14 11 33
10 15 16
11 15 43
7 8 2
7 13 15
9 7 9
9 2 36
3 5 32
18 6 58
13 2 17
12 5 58
18 16 48
10 19 40
1 8 33
5 6 19
5 10 25
4 8 50
8 17 14
3 19 56
16 8 55
12 16 53
15 18 33
3 8 1
14 18 21
11 9 16
4 3 21
3 0 28
9 13 8
1 2 55
4 15 57
9 3 42
6 14 14
19 12 15
4 9 39
14 4 14
2 19 30
4 17 33
15 17 30
19 9 36
15 19 21
11 19 13
1 4 52
3 2 40
1 15 17
5 16 57
16 14 38
8 10 5
10 11 4
3 10 58
10 12 48
2 8 18
13 12 53
15 2 32
20 95
11
14
9
16
14
2
10
7
11
7
7
14
16
7
16
19
9
5
18
2
19 1 25
1 15 30
15 9 22
9 5 54
5 6 4
6 17 22
17 7 36
15 11 20
11 3 10
6 12 1
12 13 29
19 4 56
19 14 10
14 2 48
2 8 5
14 10 44
2 0 44
6 16 4
11 18 14
19 13 8
16 12 24
7 2 53
8 0 8
4 14 33
19 6 58
11 14 29
9 14 11
5 15 54
8 9 29
11 13 27
12 19 50
1 16 41
9 10 20
12 8 38
10 13 14
9 7 50
13 15 20
2 6 4
4 6 2
6 18 20
7 14 7
6 9 35
8 11 23
6 3 41
4 11 42
8 13 31
10 5 35
3 5 29
5 8 40
9 13 30
14 8 18
17 2 15
1 6 60
0 17 18
11 6 29
7 4 50
10 0 49
3 13 45
10 12 11
7 15 27
3 12 26
13 7 30
2 11 16
2 18 26
1 5 32
15 8 37
10 15 5
15 2 21
3 14 48
15 16 16
10 6 2
15 3 41
4 12 6
7 6 57
2 12 50
16 2 37
17 8 21
11 5 5
19 18 16
6 8 56
18 1 52
19 0 5
14 5 37
1 2 47
16 17 18
3 1 18
6 0 7
3 10 55
18 9 16
16 18 5
7 19 59
16 13 49
1 14 29
1 7 7
18 7 42
20 95
15
15
6
16
4
10
9
3
11
20
3
10
8
14
5
9
15
1
17
1
17 15 39
15 2 43
2 4 14
4 1 8
1 11 34
11 18 37
11 0 47
0 3 44
3 6 23
6 9 9
9 14 1
1 19 3
19 12 8
12 7 35
3 10 55
4 5 50
2 13 12
17 8 13
18 16 38
6 0 55
1 6 24
13 18 31
18 2 52
15 14 31
8 16 36
14 3 11
13 4 55
6 12 50
0 12 36
0 2 12
4 9 45
8 3 44
1 7 11
8 10 8
19 13 51
15 4 48
4 6 50
1 8 42
7 14 53
17 7 48
10 6 18
2 5 38
9 10 2
12 14 4
6 17 6
11 12 32
13 17 38
16 3 23
17 1 16
14 16 33
7 8 18
2 16 47
3 2 37
10 16 36
8 0 40
12 5 21
3 19 38
14 13 54
6 16 33
0 17 15
13 5 19
16 12 4
19 2 52
7 0 27
13 11 4
5 11 27
6 11 57
16 5 10
5 8 37
13 3 57
3 7 13
9 0 5
13 12 38
18 4 30
12 8 51
10 1 16
16 1 24
7 13 38
15 13 3
14 19 10
4 17 47
4 19 9
4 3 1
11 3 32
12 1 16
7 10 20
9 8 44
6 13 42
18 19 42
17 18 45
14 4 28
2 8 38
7 18 1
8 18 42
16 15 57
20 95
9
20
12
12
4
18
5
13
4
7
8
2
11
13
10
17
3
20
1
17
2 12 35
12 8 18
8 9 23
9 3 47
3 18 6
18 11 26
2 14 9
3 7 50
8 10 42
18 13 37
13 15 8
15 1 5
9 4 47
15 6 5
4 17 33
17 19 33
14 0 55
9 16 37
16 5 22
9 17 47
16 15 3
3 6 24
11 19 14
18 6 34
9 18 3
0 17 38
18 5 31
5 15 51
0 15 37
2 18 44
1 12 14
10 14 13
17 8 51
1 14 22
12 14 12
10 2 18
0 13 23
15 18 25
2 15 42
6 2 17
3 13 47
5 8 43
14 11 4
11 16 47
3 14 32
9 0 30
17 2 6
17 1 3
19 1 57
14 4 16
3 11 20
1 9 52
11 6 40
14 19 9
11 17 40
4 18 58
0 4 36
13 11 33
10 11 57
16 1 7
12 7 9
17 6 15
19 8 32
13 6 44
18 7 36
19 0 55
16 13 16
4 5 42
19 5 43
18 14 16
6 7 12
16 8 48
2 19 30
13 14 19
9 6 14
1 2 25
10 4 41
16 17 25
11 2 55
12 9 16
16 0 41
6 16 4
13 12 58
16 10 37
12 6 23
4 12 30
4 16 27
13 4 13
2 9 50
17 7 9
5 13 28
1 8 2
1 5 51
15 4 22
0 18 5
20 95
19
16
5
6
4
14
4
12
8
15
9
16
8
14
3
6
10
8
11
16
6 2 41
6 10 10
10 7 25
6 11 11
11 19 29
19 16 7
16 17 54
17 3 27
3 13 33
13 0 23
3 18 45
18 1 37
13 12 33
13 15 53
19 9 9
18 8 31
8 5 39
5 4 4
13 14 36
10 11 21
9 14 35
17 5 54
1 12 52
18 13 48
2 0 30
12 0 51
10 19 34
18 6 57
4 0 23
19 12 7
16 14 23
19 13 20
4 3 10
3 6 34
6 13 47
12 3 41
15 11 55
2 3 26
14 3 58
19 15 28
9 11 2
4 9 28
12 7 59
17 6 36
3 5 54
1 7 12
6 8 35
5 2 1
17 13 37
5 6 31
10 4 55
8 0 7
1 15 30
15 0 2
8 3 35
16 15 49
11 4 30
2 8 54
6 12 53
15 8 19
12 17 33
19 8 6
19 18 10
10 18 48
0 3 45
7 0 24
9 10 15
15 10 32
2 17 60
5 16 23
9 17 26
7 5 29
9 16 59
14 1 18
10 16 23
9 12 21
16 8 20
16 2 41
11 7 56
2 18 22
2 1 32
2 14 34
6 19 31
15 3 19
18 11 54
0 6 55
2 10 19
8 11 52
15 5 26
13 10 14
16 1 37
6 16 1
1 11 23
17 1 34
19 0 45
20 95
18
18
17
15
4
11
17
16
17
3
20
1
9
1
5
2
10
2
7
17
4 3 22
3 10 23
10 16 8
16 18 15
18 7 45
7 8 48
8 9 2
9 12 51
12 0 42
8 17 32
8 5 56
7 14 14
9 15 48
8 11 26
11 1 41
1 19 15
19 6 47
4 13 17
3 2 1
19 17 50
5 7 21
18 8 60
18 10 45
6 16 36
6 15 48
6 5 43
17 15 37
13 7 41
19 9 15
17 16 19
10 5 2
0 19 20
12 6 6
17 3 55
2 6 29
1 16 58
4 14 55
6 3 35
2 0 56
19 14 36
0 8 32
8 15 5
15 5 39
15 16 14
9 2 1
8 12 45
15 4 13
8 2 46
18 2 40
4 6 18
7 1 25
15 12 54
11 12 55
15 3 12
14 16 43
15 10 35
4 19 48
1 15 33
14 13 6
18 4 41
14 8 40
2 16 45
13 2 30
1 8 16
15 18 12
10 14 48
10 0 15
1 5 38
15 2 29
3 1 57
16 13 38
2 12 47
14 2 53
3 12 12
12 19 28
1 9 29
19 16 29
13 1 8
3 18 56
5 11 18
15 0 47
4 7 3
8 19 22
10 6 33
5 16 20
1 12 47
0 7 60
11 4 53
19 18 29
3 16 57
6 17 58
18 5 44
8 4 22
12 10 38
4 12 11
