60
10 45
7
14
10
12
7
11
13
7
2
19
4 2 51
2 0 15
0 5 18
5 1 20
1 6 10
6 8 55
4 3 4
4 9 50
4 7 51
6 3 50
4 1 40
7 8 15
7 1 21
4 8 16
7 2 18
7 0 30
6 7 34
1 2 37
9 3 37
4 5 46
3 7 20
6 4 28
0 3 41
6 0 55
4 0 32
6 5 56
1 9 54
5 7 33
2 9 16
8 1 12
8 9 21
5 9 58
7 9 31
0 8 41
2 5 37
1 3 53
6 2 47
3 2 3
8 5 5
3 8 9
1 0 40
5 3 28
2 8 30
6 9 11
9 0 48
10 45
18
20
10
20
1
9
8
18
6
14
4 5 33
5 7 56
7 3 57
7 1 52
1 0 57
0 2 47
7 8 28
8 9 38
3 6 3
7 6 6
3 4 38
2 1 14
1 3 53
6 0 18
4 1 11
6 5 51
4 7 52
6 4 59
3 8 43
9 5 20
9 3 25
5 0 9
4 9 55
8 1 7
9 2 37
2 5 5
2 4 8
8 5 13
5 3 44
9 1 29
6 1 31
0 7 35
0 4 18
9 7 27
9 6 24
2 8 19
8 4 30
0 8 54
1 5 39
7 2 19
2 3 22
8 6 18
9 0 31
3 0 13
6 2 33
10 45
19
2
18
1
16
11
6
18
4
14
9 6 22
6 1 54
1 7 2
6 5 32
5 4 24
4 8 48
8 2 45
2 0 17
2 3 10
9 3 18
0 4 22
7 2 29
7 3 49
8 0 18
9 2 43
5 0 16
0 6 31
5 2 36
8 5 20
7 8 10
4 9 19
6 3 51
9 1 41
7 9 23
0 7 37
2 4 60
1 4 2
1 8 55
1 2 13
0 3 58
1 0 9
5 1 48
6 4 22
3 5 48
7 4 15
8 9 44
8 6 12
8 3 31
6 2 51
3 1 2
6 7 59
3 4 50
5 7 4
9 5 36
9 0 33
10 45
3
17
8
7
18
18
19
8
16
13
9 3 60
9 0 38
0 8 45
8 2 57
2 1 40
1 6 37
0 5 34
5 7 20
0 4 20
9 2 39
9 4 10
2 7 35
6 0 10
8 6 40
2 4 26
9 8 39
9 5 47
0 3 46
7 3 27
7 9 22
6 7 53
7 4 46
6 3 1
2 0 16
3 5 32
3 2 54
3 4 7
5 8 47
1 7 46
1 3 30
5 2 50
1 9 33
2 6 57
8 7 34
5 1 20
8 3 17
0 1 10
5 6 46
4 5 58
4 6 8
4 8 54
1 8 13
1 4 41
9 6 36
7 0 56
10 45
15
5
10
4
12
11
2
2
15
4
0 4 16
4 8 57
8 3 50
3 6 35
8 9 35
4 7 54
7 1 40
9 5 11
6 2 35
3 5 20
5 0 1
2 9 59
4 5 47
4 3 43
1 0 14
0 8 53
5 7 29
7 9 48
0 6 39
2 8 4
5 6 30
6 7 8
7 2 36
2 5 21
7 0 14
3 2 39
8 6 15
3 1 46
4 1 22
7 8 29
4 6 51
3 9 43
9 6 17
9 0 37
9 1 38
1 2 54
2 4 33
0 2 10
3 7 36
1 6 19
8 5 46
1 8 55
5 1 30
0 3 43
9 4 6
10 45
1
10
1
19
17
4
8
19
1
18
1 9 2
9 8 47
1 6 6
6 3 52
3 2 33
9 0 18
9 4 11
4 5 35
0 7 16
2 7 6
5 7 46
1 4 17
1 0 38
8 4 30
9 5 20
3 7 40
0 2 40
4 2 28
2 8 54
6 9 44
1 8 7
9 7 6
1 3 49
5 6 1
7 8 3
8 5 23
5 1 59
6 4 31
2 5 60
3 0 38
1 7 30
4 0 5
0 8 20
9 2 40
7 6 45
3 5 29
0 5 52
7 4 10
3 8 43
8 6 21
3 9 5
4 3 9
6 2 31
0 6 4
1 2 19
10 45
7
14
7
4
11
18
4
17
2
14
0 3 9
3 2 34
2 9 49
9 7 17
7 5 4
9 4 8
0 8 59
0 1 54
5 6 13
7 6 20
8 3 37
4 3 51
4 2 18
5 4 51
6 9 8
1 9 19
7 0 8
6 3 58
2 8 57
0 5 19
5 2 3
2 6 58
2 1 11
6 1 24
8 7 14
7 2 34
0 4 20
8 1 26
9 8 34
4 7 17
6 0 24
8 6 35
0 2 39
9 0 15
1 4 48
5 3 49
5 1 4
8 4 36
5 9 51
9 3 46
7 3 19
5 8 11
7 1 3
4 6 46
1 3 11
10 45
20
17
15
17
15
20
15
15
15
3
1 8 45
1 0 1
1 9 7
9 3 43
3 4 44
4 7 54
0 5 7
7 2 33
1 6 18
6 7 57
2 1 31
2 0 5
7 1 60
7 0 15
9 2 38
6 2 4
5 2 19
7 3 41
3 8 57
1 5 4
4 9 45
5 8 11
6 5 8
6 0 2
0 4 18
7 8 52
6 4 29
7 9 21
5 7 27
3 6 28
0 3 42
5 9 3
4 8 9
5 4 4
1 4 56
2 3 57
1 3 33
3 5 14
8 9 42
6 9 39
8 6 5
8 0 15
0 9 7
2 4 5
2 8 23
10 45
7
17
4
16
16
7
14
17
1
6
6 9 16
9 5 4
6 7 46
7 2 36
2 4 53
7 1 45
1 3 29
5 0 42
0 8 41
8 6 26
7 9 38
4 3 31
8 1 15
4 1 56
4 9 48
9 0 11
8 4 8
1 9 22
0 7 3
0 4 60
2 1 15
2 0 34
5 7 14
5 8 56
2 8 21
9 3 31
0 6 48
5 2 32
0 3 33
8 3 16
9 2 22
9 8 24
7 8 23
2 6 48
3 6 33
1 0 56
5 1 23
3 5 38
4 7 3
5 4 40
3 2 33
6 4 29
3 7 14
5 6 3
6 1 58
10 45
14
6
9
13
4
10
10
5
2
6
7 3 21
3 4 44
4 9 25
9 6 43
7 1 50
3 2 19
2 0 6
6 5 35
5 8 7
9 5 13
7 5 27
1 2 40
7 8 52
6 1 26
6 8 51
6 4 60
3 1 38
9 7 41
7 6 20
6 2 40
9 0 37
1 5 52
3 9 42
5 4 12
5 2 24
6 3 16
0 4 28
5 0 58
0 7 28
1 9 23
3 5 32
7 2 9
1 4 33
0 6 58
8 2 54
1 8 27
4 7 39
2 4 54
0 3 51
1 0 58
4 8 48
8 0 54
3 8 56
9 2 56
9 8 52
12 66
13
17
12
15
11
8
1
18
2
6
6
1
1 0 1
0 7 59
7 11 31
11 5 8
5 3 23
0 4 33
7 2 14
2 6 26
7 8 15
6 10 46
1 9 47
7 6 54
1 10 4
10 7 53
11 8 45
5 4 43
1 3 40
0 5 6
5 8 17
5 7 50
4 9 1
10 8 3
10 11 23
1 4 60
0 10 29
6 3 31
3 10 24
7 9 43
1 2 36
9 10 45
8 0 42
2 9 25
5 1 45
2 0 11
11 4 26
5 6 11
11 9 29
11 1 35
2 8 7
1 7 10
11 6 37
6 4 21
4 3 3
4 7 30
11 2 5
9 0 55
7 3 27
3 9 26
6 9 5
10 2 12
5 9 18
3 2 25
8 9 39
4 8 12
11 3 38
3 0 57
4 2 23
5 10 14
1 8 21
10 4 24
3 8 20
1 6 53
5 2 2
11 0 47
0 6 29
6 8 44
12 66
2
17
7
12
20
16
2
11
20
15
3
20
1 4 3
4 6 34
6 10 59
10 2 35
10 3 49
3 5 58
5 7 24
10 0 18
10 8 60
6 9 32
8 11 12
4 11 5
1 2 59
10 9 6
0 4 24
7 10 57
0 1 12
0 9 55
4 9 8
8 7 32
0 7 14
9 11 58
2 4 41
5 8 6
1 11 34
8 1 29
4 10 52
6 7 13
6 2 26
2 8 43
4 5 12
9 1 30
6 0 15
6 3 20
5 0 6
11 7 47
9 3 38
2 3 17
3 7 36
6 1 1
5 6 23
5 9 52
1 3 23
8 9 32
11 2 38
0 2 53
4 3 48
5 2 56
10 5 20
0 3 60
8 4 46
2 9 12
4 7 39
7 2 1
10 1 36
0 8 1
11 3 4
8 6 52
11 0 48
9 7 45
11 5 10
11 10 2
7 1 37
3 8 11
5 1 32
11 6 39
12 66
11
16
14
7
17
7
15
17
8
2
8
17
1 0 26
0 2 18
1 5 49
5 4 25
4 8 44
5 9 13
5 3 31
3 10 57
3 11 46
4 7 60
1 6 2
1 2 29
8 9 21
0 6 8
8 7 57
6 4 42
6 8 28
1 8 56
11 2 13
1 7 52
7 10 30
11 8 42
2 5 29
0 11 44
4 2 40
5 6 52
8 5 3
9 7 52
3 6 56
3 7 22
0 5 53
2 7 43
10 2 53
3 9 13
3 8 40
10 6 32
8 0 47
1 10 9
11 6 7
8 10 13
10 9 19
11 7 9
1 4 18
2 3 42
11 10 40
4 11 9
0 4 58
11 5 22
9 1 16
6 7 47
9 11 13
10 5 37
10 4 19
1 3 46
5 7 11
9 4 41
2 6 24
9 2 41
7 0 25
9 0 38
8 2 46
6 9 32
3 0 9
10 0 12
11 1 24
3 4 4
12 66
17
14
15
15
10
10
4
1
12
6
12
14
9 3 36
3 6 24
3 1 34
1 8 51
6 4 53
4 7 50
4 11 15
8 5 39
11 2 54
2 10 59
7 0 16
8 2 32
2 0 30
3 8 19
10 0 43
2 4 31
7 2 16
10 9 32
2 3 40
7 10 46
0 5 58
4 0 46
11 3 22
6 1 52
11 6 34
5 4 41
8 11 5
5 11 26
0 8 28
7 9 34
11 10 39
6 5 54
0 6 38
1 10 51
10 6 1
1 7 59
10 8 5
2 6 60
4 10 9
9 8 16
11 0 53
9 6 33
2 9 19
5 3 5
11 7 39
9 11 38
3 7 22
3 4 43
2 5 59
5 7 54
1 2 29
9 1 45
1 0 41
10 3 51
9 0 12
7 6 10
9 4 57
0 3 38
6 8 27
10 5 43
9 5 49
8 7 55
5 1 42
4 1 41
8 4 2
11 1 12
12 66
12
16
17
15
2
12
18
6
1
17
4
3
11 9 49
9 8 31
8 10 26
10 0 1
0 3 8
3 2 18
10 4 5
11 5 49
3 1 52
10 6 34
0 7 37
6 7 25
8 5 20
2 8 41
6 1 11
11 1 57
2 1 40
5 2 40
6 2 23
11 0 45
8 7 55
0 8 20
4 0 27
6 0 28
9 6 42
8 3 54
4 1 33
3 9 31
7 1 22
2 4 38
11 3 54
2 9 58
1 8 8
7 11 60
10 3 39
0 5 43
3 4 24
9 5 40
9 10 19
0 1 18
10 5 32
8 11 45
9 7 28
4 11 5
4 8 11
7 10 38
8 6 50
1 5 38
7 3 59
10 1 59
3 6 27
4 6 26
6 11 34
7 4 22
0 2 4
10 2 25
4 5 10
5 6 9
3 5 16
5 7 48
2 7 14
9 0 40
1 9 19
11 2 14
10 11 34
4 9 52
12 66
13
13
20
7
16
14
3
7
18
20
20
20
8 1 18
1 10 22
10 9 1
9 6 11
6 2 11
9 0 55
0 3 4
9 4 51
1 7 36
4 11 4
2 5 43
3 5 58
10 11 58
7 9 7
1 6 39
9 3 18
7 8 37
4 3 37
8 4 43
8 10 26
3 8 3
5 7 44
4 1 5
11 2 52
0 2 51
10 3 13
0 4 7
8 9 49
8 5 27
8 0 33
3 2 34
2 8 60
7 10 42
7 6 43
5 1 56
7 0 57
5 10 26
5 6 16
2 9 27
2 7 25
1 0 43
4 5 34
3 1 25
9 1 52
6 4 8
11 9 56
10 0 18
11 6 42
2 1 23
3 6 33
11 3 9
6 8 51
0 5 52
4 2 35
5 9 50
4 10 42
11 0 1
0 6 2
11 1 42
10 2 37
10 6 56
7 11 33
5 11 30
7 3 46
7 4 6
11 8 40
12 66
15
8
4
2
8
13
13
13
6
18
11
4
2 9 22
9 3 17
3 11 21
11 7 24
7 6 60
6 0 60
2 5 7
6 10 26
3 1 4
3 8 36
6 4 2
1 0 32
11 4 45
7 10 9
10 5 49
0 8 14
9 10 4
10 4 14
8 7 17
5 3 42
8 4 2
11 9 48
10 8 5
8 5 25
2 1 48
6 3 27
8 2 1
11 5 2
1 5 18
0 9 1
9 8 40
10 2 59
8 1 57
11 2 33
3 4 40
4 2 45
3 10 48
9 4 39
0 4 27
1 11 23
10 1 28
7 3 42
9 7 59
6 5 29
11 10 4
1 4 60
5 4 13
2 3 35
7 4 28
9 6 10
0 11 45
0 3 10
0 5 53
0 10 41
7 1 28
2 6 21
11 6 39
2 0 50
5 9 13
0 7 26
6 1 60
6 8 43
11 8 5
7 5 33
9 1 45
7 2 58
12 66
16
17
11
11
11
4
18
14
11
4
1
1
0 8 31
8 6 53
0 2 17
2 11 28
11 5 4
2 10 20
10 4 59
5 3 56
6 9 39
9 1 18
5 7 46
8 11 42
1 8 29
4 9 52
11 1 7
0 1 40
11 4 7
11 6 28
5 8 57
1 4 10
3 11 4
6 10 58
5 0 26
5 1 53
11 9 14
3 6 20
7 10 46
5 4 1
0 7 11
4 7 17
6 5 21
0 3 59
4 6 37
3 1 49
7 1 38
3 2 21
7 11 30
4 3 32
3 9 54
0 4 26
1 10 37
10 0 21
10 5 37
5 2 57
9 7 60
8 4 10
2 9 3
1 6 30
2 7 10
7 3 7
1 2 26
7 6 7
9 8 25
9 10 30
4 2 28
8 3 55
8 7 53
9 5 32
6 2 35
10 11 2
3 10 38
0 9 5
0 11 9
6 0 27
8 10 51
8 2 40
12 66
12
11
5
14
10
14
9
20
5
17
12
2
4 7 39
7 6 31
6 10 49
10 3 34
3 11 31
3 1 56
11 0 23
4 5 49
5 2 55
2 8 2
7 9 41
7 3 40
4 3 56
1 0 22
3 2 54
3 8 2
0 6 30
11 5 26
4 9 53
1 6 57
1 4 53
10 0 16
0 2 37
8 0 53
5 3 1
2 10 32
1 8 51
4 6 5
0 9 24
5 9 22
4 10 8
8 7 45
2 7 53
8 4 48
8 11 27
6 8 7
11 2 39
9 10 29
9 2 44
4 2 16
8 9 38
8 10 26
10 7 33
5 6 41
1 7 44
5 8 35
0 5 42
9 6 14
1 9 12
11 9 33
5 7 7
11 4 35
3 9 37
0 3 26
5 10 15
6 2 59
0 4 28
1 5 18
0 7 58
1 11 16
6 11 59
6 3 47
10 1 55
11 7 2
2 1 46
11 10 8
12 66
4
8
13
12
10
15
13
10
20
3
2
4
1 3 50
3 7 9
7 8 22
8 9 3
9 5 13
5 10 25
1 11 21
8 0 44
10 2 58
8 6 39
11 4 4
7 2 40
7 9 26
2 0 6
5 0 7
11 2 50
1 10 56
7 4 58
6 1 48
3 6 59
11 7 40
2 8 21
9 10 32
11 10 59
5 7 10
9 11 21
0 11 50
3 5 11
1 8 14
8 4 22
1 2 29
9 1 36
11 5 55
0 7 3
1 7 47
8 11 22
2 9 4
5 6 45
8 10 7
3 11 2
6 4 17
7 10 20
6 2 50
6 10 13
3 2 47
8 5 42
2 5 13
0 9 32
10 4 9
4 9 53
0 4 23
5 1 28
6 7 39
10 0 48
9 6 8
1 0 41
4 1 36
4 3 41
10 3 20
3 0 32
9 3 54
8 3 36
6 11 32
5 4 14
4 2 53
0 6 32
14 91
16
3
4
18
19
2
1
11
6
20
4
8
2
14
4 8 14
8 13 17
13 0 53
0 6 12
6 2 3
2 1 52
2 9 34
0 10 33
9 7 49
7 11 8
4 5 43
13 12 43
12 3 18
2 10 14
13 3 59
3 11 36
9 4 10
2 12 11
6 5 40
1 0 21
10 8 9
13 5 15
8 6 30
1 5 29
5 2 55
1 4 1
12 0 15
11 0 10
8 2 8
7 1 22
3 1 37
12 9 36
10 3 1
12 7 52
9 6 20
6 1 17
8 9 1
12 10 52
12 8 46
12 6 20
3 5 44
7 2 19
6 7 8
9 3 2
7 4 59
1 11 8
13 2 17
13 6 1
9 0 33
1 9 16
7 5 50
2 3 40
13 9 22
1 8 18
7 10 57
5 10 48
4 0 4
13 11 40
8 11 42
11 2 40
6 11 31
4 3 24
4 2 6
10 11 24
5 11 34
8 3 37
6 4 42
10 13 57
12 11 31
10 6 43
10 1 60
12 4 15
1 12 35
13 4 60
6 3 27
0 2 46
1 13 33
4 11 7
3 0 19
8 7 59
5 0 34
3 7 11
7 0 14
10 9 28
5 8 56
8 0 17
5 9 52
7 13 27
4 10 27
5 12 44
9 11 19
14 91
16
8
14
16
8
8
20
13
15
12
6
16
8
16
11 12 4
12 1 23
1 2 6
12 7 5
7 5 14
1 4 43
12 6 32
4 10 29
6 0 16
0 8 38
8 13 31
13 9 23
7 3 57
7 6 7
7 4 32
9 6 33
0 12 32
0 11 3
3 12 18
5 11 5
7 9 48
11 6 2
2 9 17
3 10 22
6 13 19
13 7 35
10 8 49
4 3 53
11 8 59
12 2 27
0 1 5
6 10 24
9 11 53
4 6 43
9 1 28
1 13 33
1 10 59
5 9 14
5 3 35
6 5 20
7 1 11
13 5 34
3 11 34
8 3 39
0 5 51
11 1 34
2 13 20
11 13 29
12 4 57
2 5 2
4 13 8
13 3 18
10 11 16
13 0 46
9 12 14
3 6 31
4 5 33
0 2 41
10 0 45
1 5 1
12 10 10
0 4 54
9 8 57
3 2 6
10 13 30
7 11 43
1 3 29
7 8 54
7 10 41
7 2 27
9 3 32
5 8 57
4 8 34
5 12 53
2 6 59
10 9 41
9 0 10
13 12 57
11 2 55
7 0 12
11 4 19
2 10 31
6 8 57
4 2 7
5 10 21
4 9 51
1 8 5
2 8 40
8 12 39
6 1 11
3 0 59
14 91
5
19
11
6
8
18
9
5
16
13
10
2
8
6
10 5 5
5 8 54
8 4 5
4 0 38
0 13 50
13 11 2
0 6 57
10 9 59
8 1 23
11 3 5
3 12 41
10 7 23
13 2 28
1 13 4
5 11 31
4 5 3
11 9 30
11 4 19
11 8 7
5 12 1
10 0 57
12 9 53
8 2 37
4 2 20
10 12 33
6 1 33
1 5 60
10 13 58
5 2 46
1 3 12
8 10 36
7 6 43
2 6 28
3 10 24
8 3 2
13 3 12
0 9 10
8 13 3
13 9 2
12 13 7
6 9 8
11 10 33
1 10 1
0 7 7
4 7 16
9 2 29
9 8 11
1 4 42
6 3 17
9 4 39
6 13 29
7 9 4
11 6 43
2 10 48
2 11 4
1 11 4
11 0 54
5 7 28
7 3 7
6 12 39
12 0 19
3 0 29
6 10 51
11 7 18
7 2 21
13 5 27
4 13 17
6 8 45
7 1 46
11 12 7
3 9 19
1 12 52
5 0 7
10 4 59
9 1 31
8 12 10
8 0 60
12 4 19
5 3 20
12 7 7
0 2 44
6 4 25
2 3 3
12 2 33
9 5 43
13 7 49
7 8 11
2 1 57
3 4 35
1 0 6
6 5 4
14 91
19
18
20
8
1
20
2
8
14
7
19
15
15
5
8 7 2
7 4 33
4 9 43
9 11 42
11 12 7
12 3 45
12 10 44
10 1 13
12 13 50
4 2 18
2 0 55
13 5 21
4 6 56
7 11 8
6 2 43
13 3 9
4 5 40
3 8 27
12 1 31
5 0 25
13 1 34
6 7 18
11 1 26
12 9 20
7 13 16
6 5 43
9 3 1
11 6 19
3 10 19
0 12 55
11 13 25
9 5 27
1 4 34
9 2 42
1 3 6
10 11 52
10 9 39
4 3 43
6 3 38
9 8 18
10 13 38
8 1 19
1 0 53
11 3 58
10 2 1
6 12 29
7 2 55
9 13 4
0 7 44
4 11 25
2 3 38
1 9 43
11 8 30
2 11 52
10 4 21
11 0 36
12 4 39
8 6 40
13 4 41
5 2 30
10 7 26
0 4 60
13 8 5
1 5 2
8 4 51
10 5 36
5 7 35
9 6 37
6 13 55
10 0 10
8 2 47
0 3 33
8 10 24
0 9 60
6 0 11
0 8 6
3 7 36
10 6 54
8 12 36
3 5 19
12 2 32
0 13 37
8 5 18
9 7 33
12 5 45
12 7 9
5 11 27
1 7 25
1 6 3
1 2 10
2 13 14
14 91
10
15
10
8
3
20
19
20
4
8
16
17
16
5
11 0 27
0 5 53
5 3 43
3 13 57
13 7 27
7 1 45
0 6 55
6 2 10
2 12 28
7 10 36
2 9 21
12 4 15
1 8 17
11 3 10
13 0 4
12 3 44
9 11 58
5 2 40
10 0 34
10 4 57
5 6 13
13 5 7
2 13 51
11 4 9
3 6 60
9 12 45
8 3 16
1 13 36
12 7 58
2 0 28
13 8 27
6 9 8
7 4 38
5 9 56
11 6 34
10 11 23
11 7 53
9 3 35
1 2 40
11 12 36
7 9 37
13 4 15
7 3 17
10 9 48
11 2 21
12 6 18
7 0 30
4 1 8
13 9 23
13 6 39
4 5 38
4 8 51
11 5 49
8 12 52
8 7 49
1 10 26
13 11 56
9 8 24
11 8 45
6 1 11
11 1 58
2 8 18
3 1 38
10 5 31
12 0 21
3 4 42
2 7 53
0 1 17
10 12 13
7 5 7
13 10 8
8 6 15
7 6 7
2 4 40
0 4 31
4 9 51
9 0 58
1 5 48
12 13 52
10 2 44
5 12 60
5 8 39
6 10 3
0 8 54
10 3 37
10 8 10
6 4 40
0 3 22
12 1 10
3 2 26
9 1 45
14 91
4
2
1
2
2
16
7
15
19
12
1
7
16
12
12 3 14
3 7 8
3 0 23
7 11 29
11 1 13
1 6 47
3 8 22
7 2 12
11 9 31
6 5 49
6 4 52
3 13 31
7 10 8
12 10 6
1 5 41
0 10 11
2 12 8
12 4 34
13 2 8
7 13 37
0 11 26
11 8 43
10 3 34
4 7 52
1 13 12
4 9 18
10 5 42
11 12 57
2 3 19
10 1 57
4 2 7
1 4 15
0 7 37
9 13 18
6 0 55
10 2 48
3 11 38
9 5 15
12 0 52
11 4 26
5 0 27
1 7 60
12 9 23
6 8 31
9 7 16
1 12 6
12 6 1
2 6 52
6 10 34
8 4 27
6 7 6
2 0 52
7 12 24
11 5 8
2 5 33
4 13 20
8 13 9
8 10 18
11 13 31
1 9 25
2 8 24
8 7 1
8 5 48
8 1 29
10 11 15
10 13 25
10 9 4
5 13 20
5 4 7
1 0 16
9 3 24
12 5 43
3 6 6
6 9 7
4 0 46
13 6 41
4 3 26
13 0 27
8 0 42
11 6 59
9 2 35
5 7 54
1 2 10
12 13 56
2 11 15
8 12 13
4 10 8
5 3 11
8 9 52
0 9 28
3 1 9
14 91
1
7
17
19
5
11
20
1
16
2
7
3
4
18
4 3 60
3 5 11
4 1 3
5 9 49
9 8 15
8 6 33
6 0 42
0 10 7
9 7 50
9 12 55
12 13 54
13 11 23
7 2 15
10 4 50
6 11 44
6 12 39
1 9 35
12 7 22
0 13 39
11 0 19
13 2 33
13 6 11
2 11 51
8 4 57
11 1 1
5 13 42
6 1 37
13 10 54
7 4 2
8 10 56
12 2 51
12 0 15
10 1 20
6 3 50
2 5 53
11 5 47
13 4 48
7 13 37
1 0 13
9 13 24
2 6 7
9 10 39
6 5 12
13 1 46
1 2 27
9 2 5
7 3 7
7 10 40
11 7 19
1 7 23
9 4 20
11 8 45
1 3 9
2 3 20
1 12 36
2 0 44
7 5 6
6 9 8
12 8 15
4 6 14
10 12 25
8 13 41
1 8 4
3 0 15
3 8 45
9 11 43
10 11 38
5 12 26
0 9 36
3 11 59
11 4 20
8 5 20
12 4 16
8 2 35
5 4 58
0 8 21
0 4 53
5 0 25
2 10 8
2 4 54
12 3 16
10 3 25
10 6 41
8 7 2
3 13 42
5 1 55
9 3 50
0 7 16
5 10 53
6 7 12
11 12 18
14 91
7
15
1
18
6
5
16
4
2
19
16
17
19
9
11 9 15
9 5 56
5 8 27
8 10 50
5 1 17
1 3 21
3 6 60
9 0 60
11 12 50
5 2 8
2 13 3
0 7 57
12 4 59
10 4 14
9 2 29
10 1 8
11 6 33
0 4 38
4 5 28
10 12 30
6 8 12
7 1 17
7 13 17
1 4 52
5 10 16
0 5 33
4 3 14
5 13 10
13 8 29
3 13 50
2 6 27
12 2 52
12 8 50
11 3 21
8 2 52
4 8 26
8 11 3
11 2 12
9 7 22
11 7 33
9 12 2
8 3 21
7 5 52
0 11 48
2 3 36
6 13 60
0 13 37
8 0 3
11 13 10
1 0 45
2 10 51
12 3 27
10 11 37
11 4 41
1 13 14
6 10 19
3 10 2
12 1 5
10 13 47
13 4 49
1 6 51
7 6 9
10 7 13
3 9 52
2 4 30
9 10 51
0 12 28
12 7 43
9 4 5
2 1 36
0 3 57
12 6 17
12 5 32
12 13 16
2 0 55
6 5 26
8 1 14
9 8 28
11 1 17
4 7 55
6 4 13
10 0 43
3 7 37
9 1 48
5 3 31
9 13 27
6 0 6
11 5 29
7 2 3
8 7 47
6 9 52
14 91
2
3
9
1
3
8
19
20
2
19
7
4
18
13
4 5 30
5 3 35
3 8 7
8 10 33
10 13 36
5 12 6
12 11 13
8 9 21
10 1 53
1 0 58
0 2 11
11 6 29
12 7 51
4 10 46
1 7 31
3 0 37
9 6 39
7 4 47
1 6 18
7 2 45
11 0 30
4 9 25
1 3 19
11 1 15
13 7 40
13 3 25
7 5 29
3 4 59
1 4 11
7 6 20
8 0 41
5 11 46
11 2 12
13 11 39
6 13 29
2 13 14
9 0 52
4 13 57
5 0 14
5 13 19
10 11 25
13 1 38
9 5 57
9 12 30
12 8 4
2 6 5
12 0 45
13 0 44
7 11 51
6 12 51
1 5 28
9 3 33
8 7 40
6 8 4
8 5 34
12 3 47
6 0 24
11 8 49
12 4 28
3 6 42
7 10 44
2 9 16
4 8 20
13 12 28
6 4 25
0 7 25
4 2 9
2 10 4
2 1 14
4 0 30
5 6 9
13 8 19
3 2 6
12 1 18
3 11 41
1 9 16
8 1 32
3 10 42
0 10 10
11 4 33
2 8 17
5 2 3
3 7 26
9 11 37
7 9 15
6 10 3
2 12 39
9 10 33
5 10 47
13 9 46
12 10 45
14 91
13
5
7
9
20
10
13
18
17
19
3
8
8
9
5 10 40
10 2 10
2 9 13
5 0 49
0 1 60
1 7 5
7 6 14
2 13 2
13 11 7
5 8 5
1 3 34
1 12 27
11 4 4
2 12 44
4 2 5
13 6 1
4 8 28
6 8 23
13 4 6
4 6 53
1 10 16
5 9 13
4 12 24
12 13 50
7 13 46
4 10 53
7 8 55
10 13 38
6 5 43
11 0 47
9 12 37
12 5 52
13 3 21
13 0 10
1 11 28
3 11 46
1 5 25
7 2 35
2 11 29
2 8 56
4 9 49
6 3 18
6 1 53
3 8 52
12 8 26
6 2 48
10 0 17
0 6 34
8 11 43
6 9 5
8 10 58
8 13 57
7 0 17
11 9 43
13 5 56
11 10 20
6 12 35
0 12 12
10 3 33
9 0 19
1 13 2
0 2 36
7 3 54
3 12 45
3 0 43
1 4 29
8 9 3
7 10 30
11 7 30
3 2 7
5 2 28
7 4 7
5 3 5
9 10 22
6 11 29
0 8 23
1 8 58
12 7 8
9 7 16
12 11 9
11 5 33
13 9 43
5 4 60
10 12 27
6 10 54
1 2 17
0 4 19
3 4 16
5 7 1
3 9 56
1 9 60
16 120
6
14
6
2
18
10
20
13
17
18
10
9
12
5
7
9
3 5 41
5 13 38
13 6 55
6 11 15
11 9 46
5 2 38
2 1 49
13 8 9
8 14 48
2 7 19
6 10 38
7 4 17
11 0 21
0 12 60
9 15 27
3 2 44
12 8 32
14 7 18
5 14 24
13 15 29
9 12 14
9 6 52
0 7 31
2 13 47
14 4 31
3 10 17
7 1 36
7 10 49
4 6 33
2 10 43
15 0 23
9 10 23
14 6 27
7 5 9
14 10 15
12 7 4
3 11 21
11 13 55
0 10 24
6 1 44
15 8 53
14 15 26
7 11 28
11 2 40
9 7 12
11 15 11
1 8 24
7 6 58
13 4 43
5 8 10
11 5 22
13 9 31
7 13 60
4 0 30
11 8 24
10 12 48
1 4 31
1 15 9
2 8 29
6 0 54
1 13 51
4 9 18
11 4 30
10 15 33
10 5 20
9 2 13
10 1 56
12 11 55
12 3 20
13 3 40
5 9 24
4 3 29
8 6 47
13 10 7
12 15 17
14 1 8
0 3 31
0 14 35
4 2 17
8 10 2
6 12 58
0 5 53
14 3 5
12 5 49
2 15 30
8 7 21
3 6 29
3 7 23
3 1 54
9 3 8
2 0 54
14 11 52
9 0 9
1 0 42
5 6 35
6 2 9
9 8 28
12 13 23
15 5 16
4 12 7
2 12 27
4 10 11
2 14 57
7 15 12
3 15 52
4 5 30
13 14 31
11 10 55
15 6 26
15 4 27
1 9 41
0 8 31
12 14 4
8 4 40
13 0 59
8 3 3
9 14 32
1 5 41
1 12 37
11 1 4
16 120
15
18
10
1
9
8
13
4
19
20
2
2
7
4
3
16
12 11 12
12 5 4
5 6 7
6 8 44
6 15 42
6 4 12
5 7 5
7 14 54
14 9 54
4 13 13
11 3 19
3 2 3
2 0 29
7 10 1
5 1 2
15 12 34
5 15 21
1 12 35
5 11 27
3 5 12
8 1 3
9 15 59
11 10 52
2 9 48
13 7 17
2 7 28
10 9 59
0 14 29
3 6 29
11 13 26
3 14 58
7 11 21
1 7 40
13 6 1
2 12 53
5 9 54
12 0 1
14 1 19
12 8 58
3 8 10
12 10 58
5 10 25
13 2 10
5 0 44
3 1 56
12 7 3
13 15 31
15 14 51
1 4 12
10 8 43
7 6 9
1 6 52
8 14 50
11 9 41
11 4 7
0 8 58
8 9 26
7 9 45
4 15 57
8 11 26
6 9 13
13 10 28
14 11 48
10 0 53
1 11 56
14 5 54
0 13 39
7 3 10
9 13 29
6 14 58
5 4 49
11 0 52
2 1 3
6 0 49
10 14 25
4 3 14
11 2 7
12 9 10
1 15 13
1 10 14
8 4 17
8 13 7
12 3 18
9 0 32
13 1 2
1 0 20
7 15 43
13 3 17
8 7 18
14 2 19
2 8 35
10 6 29
13 5 39
11 6 50
15 8 49
6 2 4
15 11 14
12 14 28
15 2 15
15 3 40
4 7 34
15 0 32
5 8 14
3 9 33
12 4 44
6 12 39
10 3 28
4 10 47
2 4 37
0 7 7
0 3 39
0 4 13
13 14 9
10 15 35
10 2 40
1 9 29
4 9 8
13 12 22
2 5 48
14 4 46
16 120
20
14
15
12
7
8
17
2
20
10
15
19
1
6
9
13
3 5 46
5 2 14
2 6 56
6 0 7
0 11 21
11 13 19
13 10 5
6 1 52
1 14 20
11 7 38
13 8 31
2 9 36
13 4 18
4 15 43
4 12 45
15 12 7
14 7 58
7 3 36
10 2 45
2 13 30
10 3 28
12 0 38
8 10 58
15 11 30
11 3 12
7 8 56
7 6 14
15 7 37
8 6 51
11 6 18
8 12 3
5 9 15
14 12 6
3 12 55
4 11 10
1 11 19
9 7 30
15 9 13
5 14 24
9 12 19
10 0 46
4 3 2
3 2 32
11 2 29
14 4 11
0 9 59
6 13 59
11 10 52
5 11 37
10 9 47
8 15 54
13 12 23
7 0 11
13 15 57
1 2 6
1 3 29
0 8 24
2 0 58
13 5 25
14 8 2
5 8 27
2 15 44
15 1 44
7 1 14
5 6 15
13 3 48
5 1 50
4 8 3
3 0 31
1 9 43
4 5 52
3 6 52
14 3 6
6 9 3
7 2 5
6 12 52
10 14 2
12 2 40
10 1 49
14 6 46
3 9 38
11 14 34
10 15 53
11 12 46
10 7 19
14 2 44
12 1 35
3 8 22
6 4 27
0 4 29
4 2 6
7 5 21
0 14 51
10 6 38
1 8 8
12 7 15
5 10 42
13 0 31
14 13 58
8 11 59
0 1 19
6 15 53
7 4 4
0 15 44
5 12 18
9 8 16
15 3 17
14 9 21
10 12 31
4 1 40
9 13 57
8 2 43
10 4 48
14 15 55
1 13 42
9 11 39
5 15 42
4 9 53
0 5 42
13 7 27
16 120
18
10
8
5
10
13
17
3
20
8
8
15
18
9
13
1
1 15 41
15 7 42
7 8 23
8 4 12
4 9 41
9 13 9
13 12 37
12 10 52
10 3 29
15 6 19
9 11 35
15 0 6
4 2 2
11 5 1
10 14 22
3 15 58
1 12 51
11 15 38
3 13 30
14 9 22
2 7 51
3 1 24
14 7 46
3 6 10
14 15 31
0 6 40
13 6 60
7 1 2
12 2 52
14 2 60
10 15 49
11 4 25
3 4 42
9 8 40
7 11 50
13 11 33
0 9 43
1 13 38
10 1 56
5 6 10
6 8 37
12 15 1
2 10 60
3 5 6
8 14 60
3 12 41
15 5 59
5 7 42
10 7 9
9 10 48
0 3 45
8 15 12
8 13 7
12 6 46
4 10 35
0 8 47
9 3 24
1 11 57
8 12 5
10 13 29
7 3 46
2 8 8
14 3 60
5 12 46
6 9 26
2 0 37
14 11 12
5 0 24
14 4 57
12 11 12
1 2 51
12 14 49
10 6 55
5 1 50
14 13 25
8 3 6
4 6 48
5 14 18
4 12 53
6 11 57
10 5 39
11 3 34
8 11 36
2 6 22
8 1 56
4 1 18
9 7 53
0 12 33
6 1 60
12 9 22
4 13 29
5 2 23
0 1 47
7 13 53
9 1 41
11 0 37
11 10 33
0 4 1
1 14 60
2 15 52
15 4 57
2 3 36
6 7 40
8 10 15
0 14 55
13 0 29
15 13 31
5 4 11
7 12 48
13 2 18
9 15 12
9 2 18
9 5 42
10 0 60
7 0 13
4 7 47
5 13 7
14 6 45
8 5 35
2 11 6
16 120
4
1
18
9
1
15
16
13
15
4
14
12
15
13
1
4
8 12 56
12 7 24
7 6 45
6 0 21
0 10 25
10 14 30
8 1 18
1 4 37
4 2 34
8 3 42
3 9 34
9 11 9
10 15 5
15 5 21
15 13 49
10 7 26
5 13 51
7 2 18
3 7 10
8 6 47
4 12 30
10 1 32
3 6 57
10 11 49
4 10 26
7 5 39
9 0 53
8 10 24
12 2 21
5 3 40
15 4 5
5 12 25
0 11 53
2 15 36
13 3 22
14 3 54
0 8 59
11 15 56
2 0 24
7 11 3
8 5 28
13 4 41
10 9 31
5 2 14
3 10 41
9 2 46
5 6 25
13 2 38
5 14 11
6 13 5
8 15 6
9 7 15
13 9 40
15 9 23
7 8 18
8 11 7
2 11 28
0 1 13
3 4 52
12 6 52
13 1 52
13 12 2
1 7 6
9 6 24
11 1 22
6 11 15
7 13 37
1 3 2
6 14 23
7 0 24
5 11 52
14 11 56
3 0 14
2 1 9
15 7 42
15 1 30
12 0 46
12 14 48
11 4 25
2 8 59
3 15 47
12 1 8
10 2 50
8 9 36
15 0 21
8 13 50
5 4 18
6 1 24
10 12 42
3 2 26
0 14 59
15 12 38
1 14 21
14 8 38
13 0 42
4 14 5
6 10 52
13 14 8
0 5 3
8 4 32
4 6 49
5 10 34
6 2 60
11 13 52
5 1 39
4 9 38
12 9 6
9 14 56
7 14 27
15 14 27
9 5 28
10 13 20
14 2 29
4 0 44
3 12 27
6 15 16
11 3 10
1 9 30
12 11 24
7 4 50
16 120
2
4
14
7
20
14
10
14
17
14
10
20
16
2
7
4
10 14 56
14 0 5
0 1 38
1 8 48
1 4 54
4 15 10
15 9 42
9 3 46
9 2 5
2 6 10
1 13 17
9 5 31
3 7 52
7 12 11
13 11 60
1 15 11
15 11 39
2 5 36
5 11 48
2 8 43
12 2 30
9 14 40
13 15 26
11 4 33
3 10 12
11 9 48
10 15 20
6 0 23
15 8 3
13 5 16
1 6 38
12 9 26
14 4 35
6 14 40
2 14 52
10 9 41
15 2 52
6 7 37
3 6 30
2 4 1
14 1 48
6 15 21
12 6 53
3 15 14
14 12 28
9 13 27
13 7 36
8 9 13
7 0 40
10 12 26
6 11 34
1 3 47
4 7 54
9 1 60
11 14 25
8 6 55
13 3 59
8 12 20
15 0 33
7 1 16
12 11 29
7 11 24
13 14 27
3 2 36
7 8 23
15 5 13
15 7 43
8 4 57
2 13 21
12 0 11
0 10 1
11 3 17
9 7 32
0 13 27
12 13 12
4 12 2
2 0 39
7 10 19
12 5 14
2 10 30
10 8 57
10 5 50
7 2 57
10 11 12
13 8 41
14 8 28
12 15 29
11 2 43
0 8 23
13 6 35
13 4 46
6 9 28
3 4 59
1 11 52
11 0 23
3 8 55
7 5 18
0 4 47
10 1 29
3 0 6
15 14 30
13 10 60
3 12 28
12 1 45
14 3 1
4 5 8
14 5 7
6 4 54
5 0 35
11 8 56
1 5 39
4 10 35
0 9 57
10 6 58
5 3 59
1 2 11
9 4 32
7 14 40
5 8 58
5 6 13
16 120
7
16
2
20
17
5
11
7
5
13
2
16
20
3
1
10
14 7 56
7 5 12
14 15 1
15 13 2
13 2 5
14 11 60
13 3 40
3 4 19
5 6 18
14 9 29
7 8 34
11 10 35
7 0 39
0 1 27
14 12 40
10 5 17
8 13 46
9 10 7
9 0 21
8 10 27
1 15 25
10 3 27
11 3 2
7 3 22
5 15 11
10 2 37
15 6 11
5 13 47
3 1 56
4 5 21
1 14 47
2 15 15
14 4 40
0 12 6
2 5 42
13 4 50
15 3 22
0 11 32
9 11 22
3 6 31
3 0 35
12 15 41
12 4 5
1 12 58
8 5 43
0 15 25
13 10 23
0 4 33
7 15 51
7 12 2
9 1 9
2 11 44
2 7 33
5 9 5
1 7 36
1 13 16
5 0 41
0 10 54
0 2 26
6 1 40
0 6 33
6 11 42
7 9 14
12 13 11
10 6 28
8 12 30
2 6 51
9 13 48
7 11 54
8 1 33
15 10 1
11 13 27
10 7 45
4 7 45
14 0 45
14 13 32
6 14 59
3 12 51
15 9 25
2 9 16
14 5 38
12 5 37
12 9 39
13 0 21
2 1 23
2 14 38
0 8 41
12 6 42
4 1 25
14 8 44
2 3 27
15 8 33
4 8 12
3 9 2
11 12 16
6 13 29
4 2 42
1 5 20
15 11 24
10 12 8
6 7 35
11 5 44
10 4 19
14 10 46
9 6 32
5 3 6
8 2 55
7 13 31
11 8 45
9 8 11
3 8 60
3 14 53
9 4 10
10 1 32
2 12 54
15 4 18
1 11 42
6 4 33
8 6 7
4 11 39
16 120
6
20
14
14
17
13
1
1
8
20
3
15
8
20
17
19
6 10 23
10 13 5
13 7 29
7 14 25
7 12 10
12 1 42
7 2 3
2 8 11
8 9 32
12 11 13
6 5 36
1 3 30
11 0 31
7 15 46
13 4 60
2 0 15
2 9 48
0 14 21
15 2 59
13 11 49
11 10 3
12 5 55
15 0 30
12 9 6
2 10 7
15 14 3
7 5 53
10 5 43
10 1 29
0 5 26
9 14 55
12 13 46
6 14 28
6 11 14
4 15 49
15 9 9
9 5 35
13 15 44
0 8 58
11 2 23
10 9 25
5 4 27
1 2 33
10 0 11
9 13 57
4 10 54
9 6 4
8 4 40
3 12 46
8 1 42
10 12 31
2 4 35
1 5 47
3 15 17
15 8 13
8 14 23
15 5 55
0 7 22
15 6 24
13 6 37
7 1 50
8 12 51
0 1 2
5 2 9
13 2 5
3 7 5
5 8 5
3 2 18
0 13 17
3 9 25
4 12 15
6 2 38
6 8 45
15 11 60
8 10 8
6 3 2
14 1 6
0 6 50
15 1 4
1 6 27
13 1 24
5 14 50
3 5 39
7 8 2
7 10 16
3 8 39
6 12 19
13 8 4
4 9 49
3 4 43
12 15 15
4 1 59
5 11 33
14 11 28
3 13 40
6 4 55
4 14 18
3 14 44
0 9 40
8 11 27
11 4 49
4 7 21
1 9 53
10 15 23
1 11 32
9 7 47
11 7 14
7 6 47
11 9 24
14 12 1
12 2 1
3 11 44
10 3 4
0 12 32
4 0 52
14 10 22
13 5 11
2 14 41
3 0 1
14 13 3
16 120
17
15
7
20
18
9
8
12
12
11
2
19
12
7
19
14
10 13 19
13 15 42
15 7 32
7 11 3
11 9 33
7 4 22
4 6 35
6 12 8
12 1 54
1 5 55
7 0 55
0 8 44
0 14 39
1 2 54
2 3 33
13 3 34
9 0 30
1 14 44
2 4 41
3 15 7
13 6 59
4 10 47
8 12 15
13 7 59
10 8 24
5 6 40
1 3 52
6 9 29
1 15 39
4 13 60
6 10 33
6 14 25
4 11 40
2 7 59
11 8 60
11 12 6
9 10 52
4 1 46
7 9 55
12 0 39
11 1 31
7 12 4
2 9 40
2 6 19
9 4 22
5 13 34
3 6 6
4 3 20
11 13 24
5 8 44
12 2 4
6 1 57
1 0 58
0 3 10
7 10 16
12 10 45
15 5 17
7 3 40
11 6 2
10 2 24
10 3 49
11 0 60
11 3 13
11 2 58
13 9 27
4 15 19
2 0 57
5 10 1
14 5 8
15 12 29
5 9 20
1 13 24
15 10 38
1 9 60
3 12 9
5 3 43
8 6 55
2 8 32
5 11 55
15 0 37
12 13 56
3 14 23
8 1 5
10 0 15
9 12 57
14 9 52
13 8 53
2 15 37
10 14 24
9 15 9
4 8 18
10 11 17
6 15 60
14 12 34
13 14 28
15 8 13
8 3 47
14 8 6
10 1 48
5 4 2
8 7 41
7 1 35
9 3 7
4 0 40
14 15 56
0 5 4
6 0 57
0 13 17
5 12 28
6 7 23
4 14 41
7 5 54
11 15 29
9 8 60
7 14 25
2 13 35
14 11 14
14 2 48
4 12 31
5 2 37
16 120
17
2
19
13
19
18
13
12
8
6
6
14
14
2
18
20
12 13 24
13 10 3
10 2 60
2 3 47
3 14 52
2 6 52
6 0 44
0 9 11
9 15 44
10 11 16
15 1 18
9 5 41
15 7 9
3 4 48
2 8 30
13 4 30
4 12 45
9 2 6
14 4 2
2 7 32
5 15 20
3 13 1
3 6 13
11 1 38
14 2 10
0 5 12
9 10 53
6 14 38
3 5 49
11 6 4
13 6 12
1 13 52
5 6 3
2 4 26
8 11 30
8 9 24
0 12 31
8 0 6
14 1 7
4 8 11
9 7 3
7 13 22
14 10 54
9 3 25
8 3 30
0 7 42
8 6 39
5 2 20
13 2 22
3 0 52
15 0 18
14 11 16
3 7 36
9 11 16
5 10 10
7 8 8
1 12 14
12 9 31
2 12 16
3 15 58
1 10 59
5 4 60
4 9 47
10 6 40
15 12 51
14 5 45
15 11 13
7 14 45
15 2 41
5 13 14
10 0 3
12 6 44
8 12 7
7 11 53
8 15 34
12 7 37
10 3 20
1 6 56
0 2 19
7 4 44
2 1 21
12 3 24
6 4 12
5 8 38
1 3 22
0 4 27
13 11 39
11 5 35
4 15 41
10 15 54
13 9 60
12 5 34
1 5 30
2 11 23
1 9 29
9 14 52
6 7 53
13 14 44
11 4 23
15 14 23
11 3 34
8 13 38
7 1 47
13 15 55
12 14 25
10 4 13
0 1 9
12 11 7
11 0 13
1 4 36
5 7 12
0 13 38
10 7 3
1 8 34
9 6 55
6 15 22
0 14 21
12 10 16
8 10 39
14 8 11
18 153
5
18
4
6
19
14
16
17
1
11
16
10
5
1
2
12
19
2
9 11 34
11 0 46
0 4 54
4 3 42
11 10 15
10 1 34
1 5 57
5 15 41
3 7 49
5 13 40
1 6 43
6 2 36
2 8 11
15 14 9
2 17 47
9 12 20
8 16 57
5 2 3
0 6 12
8 17 50
3 13 20
1 3 46
16 14 39
8 9 1
11 17 12
10 12 24
12 16 27
0 7 28
7 8 9
9 16 41
13 6 2
4 7 22
7 10 46
9 6 60
1 4 28
13 11 45
14 4 30
9 0 38
2 7 33
1 12 14
1 2 2
13 4 56
11 2 23
2 14 56
8 12 43
7 5 10
7 15 29
16 17 38
10 5 16
17 6 24
2 10 55
13 1 18
8 14 39
7 17 15
13 16 59
5 11 53
17 0 25
7 6 43
4 6 48
12 0 11
15 13 60
0 8 42
15 6 23
10 4 39
3 2 45
1 7 25
16 5 26
11 15 31
10 3 19
7 13 25
7 9 42
12 4 1
10 16 41
5 9 23
2 12 45
2 0 37
9 2 2
14 6 7
14 0 47
10 14 34
9 13 24
12 13 44
6 8 35
9 3 54
8 3 44
11 1 40
5 17 27
5 4 27
16 15 46
8 11 25
8 4 18
11 3 57
17 13 42
15 0 52
4 16 29
16 3 29
4 17 31
4 9 32
14 13 20
17 12 60
4 11 31
3 12 14
1 16 9
14 9 18
14 17 17
2 13 59
12 11 1
3 15 46
9 17 29
2 4 50
6 10 48
11 6 35
3 17 40
7 16 51
3 5 35
5 8 20
17 1 60
5 6 39
6 16 2
1 14 2
14 3 31
12 14 1
0 5 32
16 11 41
10 15 49
1 9 36
16 0 13
8 10 43
13 0 11
12 6 54
7 12 4
8 1 7
9 10 6
2 16 59
11 7 19
10 0 37
15 8 55
5 14 14
3 6 7
12 15 10
13 8 16
15 9 4
1 0 23
12 5 3
14 7 56
10 17 26
14 11 45
0 3 18
15 1 17
15 2 18
15 17 21
13 10 32
15 4 6
18 153
15
2
13
2
20
10
9
6
8
12
3
20
2
17
7
20
6
20
3 6 21
6 14 49
14 5 15
5 8 57
8 12 13
12 15 17
8 7 34
6 2 34
8 11 40
11 9 22
9 4 27
4 17 52
11 0 17
8 16 19
8 13 13
4 1 32
12 10 35
9 14 4
7 16 37
12 14 27
10 15 53
10 9 7
16 9 15
16 12 42
5 15 32
16 11 22
0 6 46
0 16 18
2 9 23
10 5 7
1 11 14
13 0 31
0 12 31
2 16 32
13 1 43
3 11 44
16 6 39
1 7 56
6 17 24
9 15 4
0 9 39
16 13 32
8 9 20
6 9 4
16 5 45
17 8 18
5 4 56
11 2 56
15 13 2
4 0 21
12 17 25
12 11 29
3 16 18
10 17 18
14 1 47
3 1 29
13 10 49
5 0 17
1 6 49
14 0 42
10 7 57
2 13 1
12 2 26
0 15 5
14 13 32
2 15 55
3 12 30
16 10 58
8 1 49
2 4 10
2 17 56
2 10 34
11 15 46
7 17 57
3 5 43
14 11 57
6 13 12
16 1 56
6 10 36
4 16 56
10 8 42
13 12 54
8 6 28
3 13 18
8 0 7
14 10 56
0 2 9
7 11 31
12 1 5
17 1 27
1 9 20
10 11 8
4 15 10
0 1 9
15 3 41
17 5 55
2 3 43
11 17 51
17 13 50
7 6 42
10 3 2
0 3 14
9 5 11
12 7 60
4 13 30
15 16 28
4 14 5
6 4 18
8 14 45
5 11 33
9 17 32
7 3 34
0 10 7
7 4 58
8 4 15
2 1 47
11 6 1
11 13 42
15 6 22
17 0 28
8 15 24
2 7 30
11 4 45
8 3 2
3 4 8
1 15 44
3 9 56
12 4 56
14 17 20
7 5 43
1 5 50
3 17 15
4 10 39
9 7 31
15 17 1
14 7 31
7 15 35
5 12 45
6 12 60
14 15 16
5 2 18
9 13 59
10 1 32
3 14 16
17 16 37
14 2 35
14 16 43
0 7 28
9 12 23
5 13 9
5 6 21
2 8 26
13 7 53
18 153
5
19
5
2
18
1
16
20
19
16
17
17
3
12
19
8
1
6
6 12 25
12 17 36
17 9 7
9 2 14
2 15 8
6 5 10
12 0 41
17 1 40
0 4 41
17 7 7
0 11 42
11 8 14
2 14 35
14 13 55
13 16 1
9 3 46
14 10 1
7 1 54
3 1 16
11 2 29
5 3 24
6 0 8
7 3 2
2 10 39
12 9 15
17 3 5
12 5 59
15 17 30
4 17 12
7 9 48
17 6 17
14 6 12
16 14 2
9 14 3
8 16 50
9 6 6
12 8 11
3 15 34
2 0 19
3 2 2
16 3 55
13 2 49
13 3 43
8 1 57
3 14 54
13 12 39
11 13 36
15 12 17
11 1 47
16 7 60
14 12 14
9 13 51
16 17 24
13 17 13
10 8 26
11 6 27
13 4 54
3 4 12
16 6 27
6 2 11
8 15 1
5 8 47
6 13 10
0 7 51
9 1 56
0 10 46
0 3 21
15 5 16
3 11 53
12 11 25
5 1 31
9 10 14
9 0 53
5 7 51
2 1 24
15 7 8
9 15 51
7 12 8
4 15 52
1 12 34
8 3 15
17 11 58
14 15 59
13 5 30
13 15 49
16 0 24
13 1 48
16 10 40
12 3 33
0 13 27
1 6 20
4 7 6
5 11 3
10 5 53
7 2 19
10 12 42
5 0 25
16 12 48
0 1 21
10 1 34
2 8 15
14 5 37
16 9 25
15 0 37
14 11 26
10 4 16
10 3 15
15 16 60
12 4 3
17 0 30
17 8 7
2 4 22
1 4 44
10 11 4
4 16 41
14 8 14
4 5 18
2 5 30
11 7 9
8 13 16
0 14 37
8 6 7
14 7 19
8 0 27
9 11 13
10 15 27
9 4 59
8 9 39
9 5 43
7 10 1
15 6 48
17 2 5
4 14 37
6 4 4
16 11 6
17 10 13
14 1 15
7 13 17
4 8 15
8 7 5
17 5 27
3 6 19
15 11 60
7 6 20
16 5 22
16 2 11
15 1 5
14 17 6
1 16 60
13 10 5
10 6 60
4 11 59
12 2 38
18 153
17
16
1
13
3
8
3
17
1
2
13
1
17
6
6
19
9
15
7 12 41
12 14 3
14 9 26
9 8 51
7 15 26
15 17 57
17 10 36
10 16 40
16 2 9
9 3 5
8 13 18
14 1 38
15 4 35
4 6 46
3 0 4
17 5 9
15 11 59
11 0 8
7 14 9
1 3 37
3 14 15
15 3 54
3 5 23
10 4 5
13 7 8
8 1 44
11 2 33
16 5 3
11 12 46
6 15 17
3 13 6
12 1 22
10 14 21
8 4 48
16 14 38
6 14 18
8 0 43
16 11 8
3 6 3
14 5 45
1 4 54
17 12 43
0 12 41
15 5 4
13 1 12
10 2 60
3 8 17
7 6 35
2 4 19
7 11 39
0 16 47
17 9 27
7 8 28
2 0 45
6 10 32
13 2 42
11 14 49
10 11 26
1 15 6
12 8 31
0 15 60
17 16 15
2 15 36
2 17 31
9 0 31
4 16 33
7 9 36
13 5 15
12 5 33
4 14 28
6 0 20
5 2 25
17 8 28
16 9 41
10 9 4
9 4 1
15 12 46
6 16 35
0 1 11
12 16 51
12 2 22
8 15 42
5 8 41
13 12 1
6 11 54
3 17 36
4 3 28
6 8 54
8 10 22
0 14 58
10 0 57
15 10 36
9 13 37
2 14 10
4 5 32
9 1 24
4 13 57
0 4 23
7 1 14
13 16 42
16 1 27
1 2 28
2 3 58
17 4 49
3 11 56
16 15 7
17 6 13
13 17 58
9 12 34
8 16 5
13 15 23
10 5 31
7 10 12
7 4 4
0 7 33
6 1 13
5 1 43
5 6 40
7 3 29
1 11 38
6 13 58
10 3 20
17 14 10
17 11 30
0 17 24
1 10 1
5 7 40
10 12 44
11 13 46
2 7 33
14 13 36
4 12 43
13 0 25
10 13 54
3 16 10
2 9 32
3 12 41
8 11 19
9 6 39
6 12 7
9 5 32
6 2 27
9 15 5
11 9 43
17 1 16
8 2 58
7 16 29
5 11 34
7 17 34
8 14 49
4 11 25
14 15 46
0 5 17
18 153
10
7
20
6
10
10
6
12
20
12
17
4
3
3
4
17
10
2
10 0 34
10 4 11
4 9 53
9 14 35
4 17 23
17 16 10
10 5 45
5 11 12
11 15 48
4 7 11
7 6 28
9 3 2
6 13 49
9 1 29
9 8 42
13 2 4
6 12 7
3 15 11
9 2 23
3 2 36
7 15 24
17 5 42
10 12 27
9 15 25
16 15 56
7 0 31
5 13 14
13 9 32
17 0 50
12 11 43
10 15 45
16 3 1
17 2 28
13 12 53
5 12 25
13 0 51
2 12 39
4 14 11
1 13 6
8 4 25
14 12 51
7 12 49
15 1 8
5 2 60
2 6 14
14 5 53
16 0 16
15 12 45
16 12 40
16 11 53
17 12 49
12 9 14
7 1 49
1 12 17
15 2 11
11 4 39
8 12 9
2 1 36
7 17 60
10 9 21
0 15 2
3 11 60
0 1 34
10 7 6
13 14 33
1 4 48
15 14 59
7 8 19
14 6 30
7 11 54
1 14 22
16 2 5
4 16 46
17 15 48
0 14 5
12 4 57
0 3 49
0 8 55
5 4 6
8 10 49
0 4 53
11 2 30
11 1 36
2 4 6
15 8 5
1 5 46
5 9 16
2 7 46
16 1 10
17 14 38
10 13 6
6 15 12
8 5 13
13 7 16
11 14 33
16 9 39
17 1 24
6 10 31
16 13 38
10 16 33
13 4 32
8 11 33
3 8 53
7 14 13
17 8 2
2 0 43
7 3 15
1 6 56
2 8 38
0 12 6
10 3 35
1 8 6
17 11 59
8 14 19
14 10 52
3 1 19
7 9 3
5 6 24
11 6 33
9 11 11
3 6 27
5 3 3
9 17 49
10 17 42
11 10 52
12 3 58
15 5 19
6 16 2
15 13 16
8 13 5
0 9 52
14 3 22
3 13 3
2 10 23
16 14 43
6 17 36
6 4 51
0 11 39
6 0 20
3 4 51
10 1 37
2 14 55
17 13 41
5 0 41
8 16 44
4 15 53
16 5 7
6 9 54
6 8 13
17 3 30
11 13 39
7 16 10
7 5 43
18 153
12
7
12
8
6
5
11
11
17
1
16
12
3
14
8
15
19
2
7 13 24
13 2 22
2 12 8
12 5 54
5 3 30
3 6 49
6 9 21
6 17 58
12 4 12
5 16 54
7 1 24
1 14 4
14 11 57
7 15 44
5 0 2
16 10 13
9 8 29
8 10 17
6 7 19
9 7 32
4 6 15
7 0 5
5 13 50
14 7 17
13 8 9
16 3 31
10 3 50
5 17 54
3 9 47
11 9 5
17 11 23
12 0 41
15 10 11
1 13 11
2 14 15
4 7 31
4 9 24
6 14 47
8 4 57
15 12 19
1 4 45
15 11 33
17 15 20
0 4 43
16 13 35
17 7 40
6 13 27
5 7 55
3 11 27
17 13 56
8 17 11
0 3 35
15 0 46
3 15 13
5 4 50
13 10 32
10 11 31
13 14 15
11 4 13
3 14 12
2 9 8
7 10 3
7 2 53
16 11 18
4 17 18
2 3 49
1 11 52
14 17 25
14 0 37
7 16 39
15 8 6
3 7 52
4 10 48
17 12 21
9 0 38
5 6 5
5 11 50
9 1 60
17 10 38
6 12 32
12 11 11
7 12 37
12 10 46
12 8 4
15 9 8
12 16 7
8 5 24
0 1 51
2 16 41
4 2 45
3 12 5
2 10 5
8 0 18
15 14 53
16 6 20
16 4 60
8 7 11
9 12 5
6 15 13
13 15 14
2 11 5
17 1 36
2 5 54
16 14 2
5 14 22
17 9 47
8 11 54
6 0 14
2 8 29
2 15 7
1 15 52
14 8 2
9 5 60
10 9 13
14 4 1
8 6 25
17 2 46
0 16 51
13 4 60
5 15 32
10 1 50
1 12 25
16 8 40
16 1 46
2 1 55
17 16 50
13 11 33
8 1 48
10 14 60
15 16 7
14 12 5
6 11 16
5 10 21
3 1 22
6 10 47
3 17 22
0 13 3
14 9 27
0 2 29
3 8 14
15 4 15
3 13 59
11 0 59
0 17 32
4 3 51
13 9 18
1 6 21
12 13 36
10 0 31
7 11 13
5 1 20
16 9 31
6 2 42
18 153
9
14
15
17
13
19
17
15
7
16
12
12
2
6
11
10
15
9
0 4 56
4 13 14
13 15 38
15 1 10
1 8 17
8 6 14
6 14 41
8 10 12
6 11 9
4 7 31
7 17 41
17 2 13
13 9 18
9 3 26
4 12 49
12 16 39
15 5 28
6 15 4
4 16 36
4 14 52
8 13 3
7 5 13
1 2 47
3 12 20
7 13 17
15 2 12
14 0 57
17 12 56
0 1 57
3 13 25
4 5 21
1 11 23
10 0 2
1 12 2
16 2 38
12 14 43
1 17 17
3 16 35
14 16 4
3 15 54
16 1 10
6 0 39
5 16 11
3 6 21
13 16 39
17 4 33
2 10 3
1 10 58
0 9 41
3 0 31
5 11 15
14 2 28
6 13 22
15 12 9
5 1 58
2 5 22
10 3 37
5 13 5
7 3 40
7 8 58
4 10 6
4 2 55
5 12 6
13 11 29
3 8 35
6 4 18
9 1 29
8 4 38
6 17 42
15 7 29
14 7 8
6 7 43
2 9 3
5 8 23
8 14 9
8 0 35
17 9 52
11 15 50
0 2 17
3 4 43
15 0 31
11 12 23
16 8 50
6 2 11
8 17 13
9 5 40
11 14 18
13 10 2
11 8 47
15 10 3
3 2 55
13 12 59
12 8 38
16 0 47
5 3 23
17 16 53
7 2 39
6 16 22
16 7 47
17 11 53
1 3 56
7 11 14
9 15 45
10 6 55
3 14 46
0 13 49
11 0 14
5 6 41
8 15 58
5 10 25
13 14 14
17 13 9
17 0 59
9 10 38
8 9 31
6 1 33
10 17 29
6 12 3
2 8 22
17 15 25
5 0 24
15 14 46
17 14 49
5 14 48
9 7 40
4 1 13
14 10 22
11 9 19
3 11 15
14 9 56
10 12 56
10 7 24
13 2 19
11 2 46
6 9 52
17 3 32
0 7 31
12 0 26
4 15 4
1 14 32
5 17 58
16 11 55
7 12 33
2 12 47
13 1 25
9 12 30
10 11 41
1 7 21
15 16 53
9 16 31
11 4 22
9 4 3
10 16 48
18 153
3
11
17
6
8
11
12
6
11
9
1
2
6
8
15
1
6
19
13 1 19
1 0 42
0 12 7
12 3 29
0 14 43
14 5 7
5 11 11
11 7 8
7 9 22
9 4 51
14 15 57
9 17 35
7 10 60
12 16 34
16 2 43
2 8 14
7 6 34
3 9 12
17 14 11
0 3 50
9 13 40
2 7 7
7 5 2
6 5 58
10 3 49
4 16 24
14 4 38
6 9 32
17 10 18
3 2 8
16 11 24
9 15 54
2 9 39
13 3 44
17 0 54
15 4 44
11 13 55
7 17 39
9 14 17
3 8 17
12 7 44
6 3 8
14 8 44
0 6 8
0 4 60
8 13 54
8 10 23
3 14 56
17 3 60
4 2 5
11 15 19
1 4 5
1 2 34
3 7 14
15 17 36
6 4 23
5 16 2
8 15 26
12 8 51
11 12 57
1 16 9
15 1 56
14 6 25
1 9 1
2 11 12
1 14 3
17 12 32
3 5 47
0 13 18
0 10 10
0 9 14
11 9 28
10 5 57
13 10 20
6 13 28
10 14 51
1 10 41
1 3 23
5 15 5
5 8 18
2 5 44
8 6 26
2 14 38
0 7 40
7 1 38
6 17 30
14 16 48
9 8 34
9 10 22
15 16 42
17 5 42
12 15 32
1 11 8
4 17 17
6 11 47
17 8 22
16 17 46
13 15 7
7 14 33
8 4 60
3 15 56
2 0 9
7 8 58
13 16 15
9 5 17
16 6 9
13 2 27
10 6 43
17 1 17
13 5 47
12 2 59
3 16 60
6 15 11
8 0 52
11 17 8
14 13 39
5 0 53
12 4 55
7 16 50
8 1 44
4 7 50
17 13 8
9 16 54
0 15 47
1 6 13
15 2 3
5 12 29
16 10 29
9 12 36
4 10 12
2 6 57
12 10 35
17 2 19
5 1 44
10 15 38
16 0 25
13 4 23
11 8 59
11 14 10
10 11 45
3 11 48
15 7 31
12 1 31
6 12 27
7 13 55
11 0 31
10 2 25
13 12 48
4 11 39
8 16 21
3 4 38
4 5 5
14 12 30
18 153
9
16
2
12
3
3
17
8
9
20
18
15
12
10
18
18
5
6
2 10 54
10 15 19
10 12 6
12 3 60
3 9 42
9 5 21
12 6 34
6 0 17
0 14 13
14 1 58
1 16 48
10 4 24
4 17 54
17 7 27
3 8 13
14 11 28
3 13 20
2 3 52
16 15 16
1 11 44
4 13 18
5 8 11
7 4 21
2 0 33
14 5 19
1 17 24
14 15 4
7 8 58
7 9 56
11 15 24
15 7 21
0 7 60
10 9 58
2 12 8
7 1 22
0 3 11
9 8 48
3 16 30
13 15 60
11 4 11
12 13 23
16 0 9
10 0 51
2 5 49
17 11 59
4 16 51
4 0 54
2 11 49
7 10 49
0 13 13
7 3 59
5 11 30
4 8 33
8 13 5
15 0 35
9 6 33
4 6 11
9 4 24
16 7 36
16 9 53
13 17 55
0 9 11
5 7 48
1 8 16
5 12 35
12 17 36
11 13 3
1 10 58
16 10 5
14 17 39
11 12 53
17 2 12
3 14 27
1 6 14
2 14 37
9 12 20
13 1 59
17 3 56
16 2 49
5 10 25
11 0 37
6 2 17
12 1 49
5 16 56
11 3 46
2 4 1
5 3 11
8 11 35
11 10 3
12 7 42
7 6 20
5 0 26
8 14 29
2 15 50
6 10 47
0 8 15
8 12 44
1 3 51
4 15 48
4 1 27
3 6 34
3 10 4
14 13 3
1 9 56
1 15 46
8 16 44
14 16 21
8 17 13
12 4 39
15 12 25
7 2 30
7 13 33
17 15 46
17 16 46
3 4 37
15 6 4
14 4 48
5 1 25
2 1 33
13 6 46
16 13 37
3 15 1
10 8 59
8 2 35
14 9 34
13 10 30
13 2 45
8 15 21
6 14 52
6 8 17
7 11 53
6 17 36
5 13 11
17 0 34
12 16 12
7 14 40
15 9 47
0 12 52
5 15 29
16 6 19
17 5 2
4 5 45
9 11 1
11 6 36
9 2 31
11 16 34
9 17 24
6 5 28
1 0 58
12 14 59
14 10 18
10 17 39
9 13 46
18 153
11
18
9
14
6
10
15
4
3
7
6
19
14
7
6
7
20
12
16 1 1
1 7 55
16 0 33
0 10 33
10 11 8
11 14 33
14 4 29
4 3 2
3 2 55
7 12 31
7 8 28
2 9 45
1 17 19
16 13 30
13 15 53
9 5 17
10 6 48
6 5 31
16 7 34
12 17 2
12 4 14
15 17 11
1 13 22
7 10 22
8 9 43
12 2 40
11 3 4
7 9 56
6 12 23
3 7 33
4 8 13
3 6 22
6 14 7
12 8 24
4 9 20
16 17 29
9 17 16
13 2 59
12 5 35
8 1 56
0 8 38
10 14 20
2 0 24
5 3 3
1 5 47
12 3 53
11 0 19
12 13 36
6 16 56
1 12 47
17 10 38
7 2 55
11 1 14
6 13 26
2 17 38
5 14 30
16 14 35
16 10 60
6 15 29
1 10 50
11 8 31
11 4 4
9 12 51
14 9 56
1 6 37
2 4 40
1 3 46
14 12 12
10 4 51
4 6 8
15 5 26
11 5 40
16 11 47
9 10 52
0 6 33
14 13 11
14 7 46
3 8 9
5 10 25
3 0 48
15 4 36
7 4 45
4 5 29
14 8 14
2 16 56
13 11 22
1 4 29
12 16 14
5 7 33
7 13 60
3 10 50
0 14 34
9 0 55
16 5 51
17 6 26
17 3 26
15 11 32
2 6 33
9 16 49
15 0 53
12 15 57
1 14 34
12 11 3
8 6 1
17 5 45
3 9 23
1 2 21
10 8 54
14 2 42
2 5 7
11 9 40
10 15 6
11 7 28
10 2 21
16 4 14
11 17 36
6 7 41
9 15 52
0 17 15
11 2 60
12 10 24
4 13 19
8 2 53
5 0 17
3 16 38
13 8 3
12 0 30
3 15 58
17 14 12
0 13 39
8 15 20
0 4 7
1 0 21
4 17 52
1 15 5
2 15 58
9 6 12
17 8 60
7 15 56
0 7 23
17 7 42
11 6 53
9 1 17
3 13 35
16 15 13
13 9 12
10 13 12
5 13 9
8 5 47
3 14 32
17 13 60
8 16 22
14 15 5
20 190
5
10
8
2
16
16
14
14
18
14
12
20
15
11
16
19
2
15
2
14
8 16 58
16 1 55
1 7 5
7 13 36
13 18 51
13 4 11
4 17 27
16 11 59
16 14 59
14 0 48
4 19 36
17 9 23
9 6 59
7 12 57
9 3 29
14 5 31
0 15 38
11 2 49
16 10 24
5 17 46
2 7 51
10 1 18
6 12 16
13 12 44
18 17 10
16 15 2
3 8 41
7 10 19
0 2 53
19 13 12
3 7 48
19 0 33
6 16 33
5 18 30
11 12 27
9 2 26
18 14 34
1 9 27
5 3 20
8 0 57
17 7 5
19 10 52
11 4 23
8 14 50
15 19 13
7 16 1
0 1 34
16 4 49
2 15 35
7 4 16
12 10 41
3 4 50
17 6 49
1 8 58
4 14 37
6 19 27
0 17 24
7 15 53
2 6 16
16 2 34
18 10 41
18 2 18
13 0 31
9 14 8
7 18 5
3 16 47
10 9 48
11 7 13
6 3 47
1 2 12
9 19 38
17 13 4
12 16 10
2 14 31
19 1 10
18 16 51
15 3 29
5 1 12
11 1 58
9 8 52
14 17 3
9 15 34
12 19 23
6 14 24
15 17 46
17 10 56
1 14 15
12 0 38
7 19 20
4 15 30
6 7 14
12 4 39
15 10 47
8 17 4
8 12 34
6 15 12
12 9 60
14 11 54
15 12 12
15 1 46
12 2 31
4 18 49
7 5 12
10 6 52
13 14 11
0 9 27
6 11 46
15 13 59
15 8 41
0 18 56
15 14 9
18 11 60
12 17 54
3 12 6
8 18 37
1 3 34
18 6 53
4 1 60
3 18 56
19 5 18
5 10 19
12 1 8
4 8 37
18 9 25
12 14 14
0 6 55
19 17 18
7 14 59
13 6 35
5 13 60
9 16 20
13 8 50
17 3 4
10 2 32
2 3 57
3 11 37
5 16 11
0 7 41
5 9 3
13 9 51
5 4 21
10 0 28
13 10 44
4 2 27
1 13 39
7 9 30
0 3 6
12 18 29
4 9 29
18 15 26
19 8 36
3 10 57
0 11 10
5 0 12
19 11 29
9 11 19
19 14 59
15 5 52
14 10 25
16 0 55
11 17 21
4 6 16
1 6 18
5 11 17
11 15 29
8 2 29
2 19 59
16 13 58
16 19 29
5 8 20
3 13 42
3 14 20
18 19 53
2 5 12
3 19 52
16 17 36
6 8 33
5 6 10
5 12 60
8 11 60
2 13 59
8 7 4
13 11 57
18 1 39
17 1 22
0 4 11
8 10 27
4 10 41
10 11 49
2 17 21
20 190
15
11
7
16
7
6
15
19
5
11
13
20
6
7
17
17
6
7
11
12
5 17 36
17 4 9
4 9 11
17 12 14
12 16 4
16 19 15
19 3 10
12 11 18
11 7 26
17 14 26
14 10 35
10 2 19
17 13 35
4 1 58
17 15 23
2 0 33
7 6 48
19 8 28
12 18 39
13 5 38
10 1 60
10 4 2
18 4 1
3 10 49
15 18 27
5 10 28
1 13 7
5 16 14
15 6 14
13 12 33
5 9 45
3 4 25
15 1 20
1 11 37
18 1 1
8 18 57
9 17 9
9 13 60
17 7 54
4 16 41
5 14 3
12 3 30
14 11 3
7 13 19
2 14 57
14 4 10
14 7 51
14 8 55
10 8 43
13 11 26
19 2 53
18 19 59
11 2 41
8 12 3
10 15 39
3 6 59
13 10 58
1 12 4
19 11 8
1 7 56
4 2 31
5 11 53
10 6 30
4 15 10
7 12 36
2 12 57
11 15 24
6 19 44
3 8 45
10 11 60
0 8 57
3 0 59
11 9 44
13 18 25
14 19 54
13 8 13
12 14 25
8 15 8
13 14 1
18 10 44
8 1 27
19 9 59
0 16 9
0 11 6
5 4 20
12 4 23
19 5 31
11 17 58
7 19 49
0 4 33
10 12 52
7 4 53
9 10 59
3 18 48
16 9 48
12 19 49
3 13 35
6 16 52
6 8 7
7 5 33
19 4 14
9 15 26
16 7 10
0 18 59
16 3 33
18 7 27
1 14 55
17 0 5
9 18 50
1 9 23
0 13 55
19 1 38
6 2 37
4 8 47
13 2 10
3 2 15
4 6 52
15 19 29
0 19 20
17 10 17
7 10 28
13 15 10
6 13 43
2 1 47
17 19 36
14 6 47
4 13 20
17 18 43
5 3 3
17 6 23
5 6 14
6 18 16
3 17 19
8 9 52
2 7 25
15 7 17
3 7 37
19 13 39
14 16 12
15 12 33
0 15 6
5 12 2
11 3 25
0 12 2
2 8 39
0 14 16
16 15 54
15 14 42
7 8 56
0 7 7
10 0 47
11 18 14
18 2 42
15 5 6
8 5 4
7 9 7
0 5 53
13 16 16
1 5 46
0 9 46
6 9 20
2 9 51
14 18 56
17 1 9
8 17 7
16 11 7
3 1 59
11 6 54
5 2 60
17 2 30
0 1 55
15 3 27
2 15 13
0 6 59
1 6 27
16 17 52
9 3 11
9 12 26
10 19 14
16 18 10
12 6 11
2 16 25
10 16 43
14 3 2
11 4 2
8 16 41
14 9 52
8 11 41
16 1 57
18 5 53
20 190
8
7
13
15
10
1
19
20
6
2
20
18
5
11
13
14
1
4
17
9
18 6 15
6 0 2
6 15 54
15 17 54
17 5 18
5 3 6
0 9 37
9 16 6
16 11 57
0 12 25
5 2 41
2 1 11
6 4 13
2 19 48
19 10 25
6 13 34
5 7 51
18 8 11
9 14 46
4 1 52
17 14 58
13 0 9
0 5 35
0 3 48
11 18 1
5 10 41
3 13 38
6 12 3
0 15 30
0 4 33
4 17 30
1 3 53
4 5 50
12 19 52
15 19 54
2 3 43
14 12 14
7 14 42
8 6 16
1 5 14
18 10 54
8 10 57
3 18 14
17 9 53
7 1 6
19 5 31
13 8 44
12 1 41
17 19 13
12 5 59
14 11 5
2 17 15
8 16 16
13 14 57
7 4 57
1 15 55
12 11 4
12 15 26
6 1 33
8 4 31
2 14 23
12 17 20
2 13 34
4 15 40
13 15 2
19 14 17
10 14 17
11 2 59
11 17 8
5 14 34
7 18 36
8 2 41
13 17 1
5 16 3
13 4 13
0 19 9
10 7 16
17 3 39
7 3 43
0 11 58
4 3 58
15 8 5
12 3 49
13 5 8
9 10 59
2 15 23
13 19 48
19 16 27
10 1 49
2 7 23
19 7 24
18 14 13
18 5 42
9 4 19
17 0 21
11 9 9
13 10 26
8 17 22
13 18 43
4 11 46
8 5 52
6 9 52
9 1 58
16 18 36
10 11 41
14 8 9
17 18 42
7 0 19
14 6 48
15 3 13
10 17 26
13 7 6
7 16 23
10 2 13
1 17 35
16 17 55
10 12 51
5 11 34
9 8 50
8 19 18
6 19 29
1 8 5
11 13 46
4 16 44
6 5 38
4 18 53
15 11 40
13 16 47
16 14 25
14 3 38
9 19 51
15 9 37
11 1 51
11 7 53
16 10 44
1 0 5
0 14 38
16 1 48
2 6 57
19 11 21
0 10 40
3 16 1
3 6 47
18 19 20
19 4 6
7 17 19
15 16 47
9 7 42
6 7 47
9 18 55
19 3 1
11 6 56
18 1 47
12 9 13
9 2 45
12 13 5
13 9 58
4 14 2
12 4 42
2 4 56
6 10 15
3 9 1
15 5 47
4 10 39
14 1 50
3 11 36
18 0 42
7 12 59
6 17 18
15 10 10
0 2 4
8 12 42
12 16 26
0 16 17
5 9 13
15 7 28
10 3 42
18 12 56
6 16 28
18 2 39
12 2 32
14 15 11
13 1 43
7 8 53
0 8 33
8 11 50
16 2 48
18 15 1
1 19 32
8 3 32
20 190
8
18
18
2
17
11
8
2
11
7
19
7
13
9
8
20
19
16
16
4
6 4 45
4 19 12
19 13 55
13 0 37
0 17 29
4 8 20
8 3 53
3 15 38
8 10 43
10 12 5
4 11 47
11 14 49
10 7 22
8 16 32
10 5 40
5 9 9
11 1 31
6 18 15
8 2 30
16 13 55
3 4 60
16 19 42
17 13 15
16 15 1
10 13 36
12 3 18
1 19 16
17 4 12
13 9 6
7 8 25
9 19 13
1 3 15
4 18 54
7 3 5
9 3 56
16 0 9
9 10 19
1 6 31
4 16 24
9 12 26
4 0 53
14 0 5
6 11 3
17 16 4
14 7 38
17 3 35
14 18 26
9 7 53
10 4 55
12 13 60
2 4 55
8 0 18
14 8 34
0 5 60
15 10 60
3 18 12
11 0 47
0 18 13
19 3 51
11 5 54
8 13 44
5 19 47
10 1 58
6 17 9
14 1 40
12 0 53
4 5 23
4 15 58
1 16 53
19 11 56
2 0 44
14 13 21
8 15 49
15 7 26
1 17 2
4 12 25
12 7 51
5 18 48
13 1 48
12 6 14
12 8 16
6 13 37
9 6 57
8 18 32
18 15 58
1 18 54
1 9 19
7 11 6
15 19 52
19 2 6
16 10 1
16 5 15
6 10 35
1 2 22
3 6 50
1 5 43
0 19 53
18 11 37
10 2 6
5 3 16
0 9 5
7 6 43
0 1 8
2 9 23
17 10 58
6 0 33
7 19 12
2 13 31
18 16 29
11 3 17
11 2 22
10 19 15
6 14 33
8 19 20
12 17 5
5 12 55
11 15 59
0 7 25
8 1 5
2 6 31
14 2 8
14 10 52
12 2 15
12 18 16
9 17 33
9 16 19
0 3 52
18 17 49
0 15 8
15 12 5
9 18 38
11 16 18
6 8 43
15 2 55
12 14 56
16 6 52
16 12 5
17 14 6
11 13 28
8 11 21
7 2 19
9 11 30
17 15 34
15 1 16
13 18 17
13 7 38
13 4 54
14 4 50
9 15 58
5 15 9
5 8 41
5 17 18
5 7 42
12 11 56
17 8 31
3 13 43
13 15 11
18 10 21
16 14 41
2 16 41
3 10 58
4 7 14
6 5 22
1 12 39
15 14 46
7 17 31
9 8 44
18 19 18
14 5 8
11 17 59
14 9 27
5 2 10
19 12 54
7 1 50
4 9 35
7 16 50
6 15 7
17 2 13
11 10 41
3 2 15
17 19 4
10 0 5
13 5 21
14 3 41
2 18 10
4 1 10
7 18 56
19 14 22
16 3 47
6 19 13
20 190
13
5
16
7
5
7
14
13
3
18
4
17
20
14
18
2
9
5
18
19
11 5 55
5 13 6
13 16 56
16 19 46
19 1 57
1 4 51
4 15 23
13 6 9
6 18 20
18 3 15
19 0 27
4 14 5
15 10 27
10 9 18
13 7 15
11 8 36
19 17 2
19 2 36
18 12 29
9 14 20
13 12 5
7 15 15
9 17 37
7 4 37
0 7 14
5 18 49
14 11 54
4 10 19
13 19 28
2 18 10
18 1 59
4 11 57
13 18 3
12 11 29
12 7 30
10 17 11
10 18 49
6 14 37
14 2 2
15 1 40
0 4 14
3 4 41
4 8 17
8 9 11
19 7 28
12 17 58
17 5 44
2 15 42
17 18 49
2 13 23
2 12 47
17 1 35
15 0 24
8 1 45
19 14 36
19 3 38
9 3 52
8 10 33
14 5 8
12 1 42
13 15 4
3 8 23
5 12 34
12 10 59
1 13 60
3 0 21
14 17 7
4 16 56
13 3 41
17 6 58
4 9 45
11 13 24
17 4 23
10 11 50
7 16 49
2 16 59
16 17 11
3 2 32
5 4 60
11 19 43
15 6 1
8 17 46
6 3 53
15 16 44
5 2 50
6 11 37
0 5 15
17 11 45
14 3 49
3 12 10
4 13 23
13 9 24
2 10 49
7 14 41
7 1 50
1 3 19
14 13 18
7 6 39
1 5 35
0 8 60
10 13 25
12 19 18
10 19 4
17 2 60
19 6 45
18 9 33
3 10 25
1 0 24
7 9 10
19 4 23
18 11 46
17 15 3
2 0 40
9 5 20
0 9 40
2 7 53
14 12 25
15 14 15
18 4 22
1 6 56
16 12 47
14 8 41
9 12 34
5 8 3
14 16 8
0 17 38
16 8 41
9 1 51
15 11 17
16 3 42
18 8 10
1 10 58
4 2 42
9 19 21
7 3 12
14 10 28
16 6 35
14 1 43
8 13 53
18 19 46
5 10 2
1 2 17
2 9 45
0 18 56
11 0 55
7 8 11
3 17 43
17 13 57
18 14 34
8 6 14
11 7 40
6 10 11
0 10 10
11 1 56
11 16 26
9 6 17
16 9 21
7 17 26
4 12 23
0 13 43
14 0 47
15 5 22
12 0 52
5 7 20
19 8 53
16 0 14
8 15 15
16 18 48
8 12 40
19 5 1
15 19 17
3 15 30
3 5 13
7 18 45
6 0 18
5 16 15
18 15 4
11 9 12
6 5 55
2 11 45
11 3 2
12 6 19
6 2 12
4 6 40
7 10 35
12 15 45
16 10 23
9 15 45
8 2 43
16 1 43
20 190
12
1
12
9
10
8
14
11
16
15
7
4
5
17
11
18
10
13
15
13
14 2 18
2 13 21
13 6 57
13 11 31
11 15 38
15 16 42
14 7 42
13 10 55
10 1 31
10 17 59
17 5 2
17 18 7
16 4 52
4 8 47
17 0 30
0 12 13
12 9 20
9 19 18
19 3 26
11 3 20
9 10 13
12 13 35
13 17 6
5 3 35
18 16 19
13 0 5
10 7 20
18 13 15
1 16 58
1 14 55
4 6 20
13 1 16
0 15 3
14 9 15
0 1 20
19 5 6
7 2 25
16 2 27
7 1 38
18 3 28
14 16 21
1 2 53
0 14 21
14 18 6
2 15 34
4 7 2
19 16 14
4 3 13
5 9 26
11 10 4
5 8 49
1 6 11
1 18 20
15 17 41
15 5 49
15 1 2
2 6 38
7 12 8
3 13 60
15 10 21
15 4 53
7 8 27
3 10 22
16 10 30
17 7 57
6 18 37
8 9 3
2 17 3
5 7 16
19 18 18
12 15 13
7 11 8
5 1 51
11 17 46
5 2 42
13 19 1
19 15 37
9 2 29
12 5 26
6 10 52
15 18 6
12 6 17
3 1 31
19 8 15
14 12 29
9 18 13
2 19 33
18 11 2
5 4 15
17 1 2
7 6 57
3 6 32
16 5 21
10 0 23
8 11 59
19 14 14
18 0 57
7 13 6
16 8 55
9 4 24
3 9 4
2 12 53
0 9 18
13 5 20
11 5 11
8 1 36
7 9 20
18 10 58
9 11 43
15 13 41
10 5 45
8 12 40
10 12 46
6 11 17
4 17 13
9 13 29
6 19 26
8 10 54
6 0 43
0 7 59
0 11 4
12 4 33
6 15 45
14 17 7
8 13 37
18 2 49
16 3 38
7 15 43
16 9 44
2 8 28
17 19 8
17 6 13
12 19 34
7 3 20
2 10 57
8 14 21
18 4 51
9 15 55
11 1 56
2 4 11
17 9 32
18 8 19
16 0 57
2 3 21
1 12 16
9 1 54
12 3 28
16 13 15
10 19 22
17 8 24
17 16 25
5 14 46
14 6 48
19 1 40
14 15 1
19 11 14
15 8 58
11 2 14
7 19 52
10 4 8
16 6 35
8 6 53
0 3 33
17 3 44
6 9 22
4 13 35
12 18 24
11 12 40
0 8 20
3 8 2
19 4 38
0 2 14
16 11 17
14 13 49
1 4 8
0 4 22
14 10 39
11 14 20
7 16 50
3 14 26
18 7 41
0 5 47
4 11 39
0 19 4
6 5 18
12 16 29
5 18 7
14 4 29
17 12 28
15 3 58
20 190
13
13
18
12
20
10
13
17
13
14
6
5
18
11
10
19
12
7
20
12
2 10 48
10 0 44
10 7 30
7 13 30
13 9 52
2 17 2
17 15 54
15 14 59
17 18 60
17 16 18
16 6 53
18 8 19
6 5 39
6 3 54
18 11 23
0 12 25
6 19 22
16 4 12
10 1 54
14 6 38
12 13 56
11 13 53
1 3 16
19 4 20
10 15 26
13 16 45
14 1 40
8 4 58
1 4 15
15 9 3
0 15 27
1 6 58
7 8 47
16 8 3
3 14 54
18 15 16
8 2 12
7 4 24
18 16 11
9 0 17
5 16 16
7 6 29
16 2 14
17 3 42
11 8 28
2 18 10
16 3 3
12 15 49
4 2 10
9 6 3
13 15 20
14 13 11
12 1 29
7 14 1
11 2 35
13 0 26
2 5 44
9 16 3
4 14 33
13 3 19
9 19 58
8 15 25
16 19 38
18 0 3
14 10 57
18 7 39
18 4 42
10 18 33
8 14 36
3 8 1
13 19 1
0 7 48
5 3 48
19 5 49
4 11 58
6 2 36
8 13 14
11 7 25
0 14 42
14 17 11
12 8 57
9 14 13
1 5 3
4 10 39
7 17 27
18 6 60
12 19 25
19 8 23
0 19 47
8 5 8
16 14 32
11 17 46
15 7 49
3 11 35
14 2 42
17 10 35
15 1 35
5 13 24
4 9 57
6 13 46
7 12 48
17 0 17
17 12 17
4 3 10
8 1 40
2 9 54
0 1 7
15 19 33
7 16 47
10 5 53
0 2 58
6 17 4
10 16 5
9 8 10
1 9 26
5 4 35
16 0 34
9 11 19
5 12 43
19 3 53
1 17 14
11 15 52
1 13 26
19 7 2
6 8 46
11 10 40
13 4 24
11 12 21
1 16 14
0 8 5
2 3 36
15 3 34
13 17 1
19 1 53
1 2 29
9 12 10
15 16 40
17 8 43
19 14 17
2 15 51
12 3 47
3 9 54
13 10 9
4 15 49
6 11 50
12 4 8
18 9 49
2 19 53
3 7 22
10 3 54
9 7 25
1 11 19
2 7 59
14 11 36
18 3 40
1 7 24
4 0 23
0 11 31
12 6 60
17 9 55
18 12 39
18 13 15
18 14 59
13 2 8
18 19 42
0 3 2
5 14 31
0 5 25
18 1 23
2 12 17
16 11 42
10 19 13
5 18 14
10 9 53
5 9 34
5 15 21
17 5 42
5 11 13
5 7 35
6 4 28
15 6 41
6 0 3
10 6 60
8 10 10
11 19 5
4 17 20
12 14 16
17 19 4
16 12 50
10 12 31
20 190
8
20
17
5
10
11
2
15
6
13
20
12
6
5
13
5
18
3
19
20
13 4 48
4 5 30
5 8 1
8 3 5
3 7 19
7 16 51
16 18 59
18 11 51
11 1 24
1 15 50
15 0 45
11 19 54
19 12 48
12 10 40
3 9 16
13 2 22
3 17 30
19 6 16
12 14 46
0 10 28
16 9 22
18 1 44
17 9 20
3 18 17
3 1 59
13 19 13
14 3 6
4 10 16
0 18 2
3 15 24
7 18 2
9 10 2
18 14 16
13 14 32
1 6 38
7 1 22
8 10 5
0 4 42
7 14 46
15 11 24
4 11 37
11 17 41
11 10 16
0 11 30
8 15 4
12 1 1
4 9 25
6 11 45
19 4 25
11 8 27
15 7 40
12 2 49
16 2 1
17 8 49
6 5 28
15 17 5
3 0 59
11 9 53
10 19 39
15 16 51
14 16 21
2 4 2
11 7 23
19 9 24
0 7 59
12 5 6
11 13 14
10 18 50
14 8 39
13 15 32
12 9 44
17 12 39
6 15 48
5 19 36
3 4 20
4 1 27
6 13 20
5 13 58
15 9 13
8 6 25
1 16 26
7 6 22
13 0 2
4 7 53
11 5 53
19 1 44
0 9 53
18 17 34
19 7 47
0 14 40
12 3 9
0 6 40
6 16 20
5 9 19
2 3 26
17 19 8
11 14 31
13 10 60
7 10 11
16 5 56
8 16 13
14 4 13
10 5 48
15 14 37
12 6 40
10 16 1
18 19 42
3 6 18
8 1 18
2 7 49
4 15 29
12 18 13
15 10 4
5 18 44
12 8 16
13 16 40
17 1 54
2 14 56
8 9 16
15 19 16
2 17 40
14 1 19
16 11 12
18 4 52
16 3 16
19 0 55
5 0 54
13 17 34
18 9 44
2 9 22
2 5 9
18 6 15
6 9 41
7 13 59
10 6 39
3 11 20
14 5 19
13 9 37
10 2 22
17 5 21
9 14 36
12 4 34
16 0 26
17 6 41
2 18 37
2 6 53
8 0 23
6 4 32
14 10 58
4 8 4
18 8 12
2 11 27
8 13 40
2 8 11
9 1 17
13 3 57
17 10 1
16 19 56
17 7 20
14 6 5
5 1 15
8 19 59
15 12 47
4 16 8
17 0 26
19 2 41
19 14 49
11 12 31
10 1 37
13 12 24
12 7 59
13 1 57
3 5 41
1 0 19
15 18 20
14 17 42
18 13 56
15 5 37
3 19 53
0 2 20
15 2 55
17 4 25
0 12 41
7 5 56
9 7 44
3 10 19
7 8 2
1 2 57
16 17 47
12 16 7
20 190
14
11
15
18
14
15
2
12
19
17
6
16
11
8
4
9
7
3
8
3
11 12 17
11 8 13
8 18 49
11 17 43
17 10 36
10 9 25
12 16 27
10 2 39
8 4 51
4 0 6
0 1 21
1 3 17
8 14 54
18 5 29
5 6 10
12 15 23
8 13 10
14 7 37
1 19 23
14 0 6
10 16 40
12 8 54
16 7 12
6 18 26
2 6 3
2 5 11
14 4 11
5 1 16
12 19 37
9 8 33
13 18 3
0 16 44
18 10 15
19 9 19
19 8 5
6 10 2
19 5 34
11 9 19
0 19 46
8 7 15
0 8 31
16 2 20
15 6 50
10 4 23
12 0 34
11 16 11
10 11 39
18 17 59
9 13 5
3 14 52
14 6 40
10 13 22
10 12 59
12 17 53
5 14 9
7 19 53
6 7 57
19 4 6
4 13 32
15 10 33
8 1 42
6 17 8
10 8 34
16 13 15
9 6 42
10 14 13
11 3 60
16 5 26
14 13 21
15 4 45
13 17 31
17 8 27
17 16 44
15 8 47
14 11 50
12 7 54
15 0 57
0 11 16
4 9 10
18 9 10
18 4 59
1 12 10
19 15 30
3 18 2
11 6 26
2 14 52
2 15 8
13 19 33
2 3 46
17 15 46
9 15 28
19 11 44
0 7 55
7 10 29
15 14 28
19 10 56
4 12 24
2 8 36
4 11 38
2 0 55
18 14 58
8 5 44
16 8 32
17 3 2
7 11 21
15 11 24
14 9 3
3 8 9
19 17 22
12 2 30
3 7 12
17 4 31
18 7 15
18 11 40
13 6 24
5 9 57
2 7 39
1 2 52
6 4 58
10 1 48
5 12 53
19 2 36
15 1 57
11 5 37
1 14 14
10 5 23
7 17 20
1 7 4
15 16 59
3 13 46
3 4 17
6 1 44
19 16 17
1 13 42
6 12 4
13 0 47
9 12 11
14 17 32
2 4 60
16 9 43
3 5 6
17 2 32
1 11 24
5 7 41
3 12 43
13 5 21
9 0 48
0 6 40
5 15 26
9 7 23
14 16 48
18 2 37
15 13 60
11 2 18
1 18 5
6 16 6
14 12 3
18 16 47
18 0 12
9 2 17
7 4 46
5 0 26
16 4 2
18 19 28
15 18 59
1 9 11
3 10 27
4 1 45
3 19 28
3 6 53
10 0 24
3 0 16
3 16 38
13 7 54
7 15 18
13 2 16
9 17 22
3 9 22
17 5 27
15 3 16
1 17 7
17 0 43
1 16 46
13 11 14
6 19 40
18 12 16
4 5 11
8 6 30
12 13 34
19 14 59
20 190
2
13
3
8
8
4
9
4
20
7
19
2
20
2
9
9
18
11
4
8
7 2 44
2 5 9
5 6 6
6 10 29
7 16 29
16 13 43
13 19 44
6 8 47
8 0 41
0 18 7
18 17 60
17 12 19
18 15 35
15 11 33
16 4 54
11 1 42
11 14 23
13 3 52
17 9 9
9 14 38
13 10 45
4 14 5
5 4 60
5 1 5
10 16 36
15 16 52
13 4 21
18 6 7
6 15 11
14 1 21
7 15 37
17 15 37
7 3 35
12 9 18
7 14 22
3 1 41
4 18 30
1 16 58
17 10 37
4 11 15
2 8 40
19 18 6
0 19 9
8 17 53
19 6 38
5 15 1
14 12 1
12 6 50
19 15 39
13 17 1
15 8 33
16 14 54
11 17 10
8 7 37
0 7 57
12 2 3
18 7 59
6 1 25
5 9 13
4 12 25
2 9 43
4 10 7
0 1 15
19 3 20
15 13 3
5 18 35
6 7 50
4 1 56
14 18 33
0 4 26
10 18 54
14 19 23
3 8 50
19 1 45
3 11 54
19 7 56
12 0 42
14 15 59
13 6 22
6 17 11
11 13 55
16 9 3
14 5 44
15 9 10
16 5 40
10 2 45
0 13 19
3 9 37
6 2 41
1 10 33
2 11 9
0 15 52
6 0 12
7 11 11
6 9 19
9 11 31
12 16 58
10 9 46
12 19 16
17 7 53
16 19 10
19 2 13
5 17 37
16 8 39
14 13 43
6 14 45
2 17 40
19 8 42
9 1 29
16 11 28
13 8 13
14 2 19
0 3 27
4 7 45
18 9 4
2 3 36
19 9 48
16 3 34
12 3 26
4 19 51
8 9 54
12 18 18
17 1 14
17 3 24
13 1 4
3 5 18
14 10 28
12 5 59
2 4 19
7 1 15
18 11 7
15 12 28
0 11 41
14 0 38
5 13 52
4 3 7
11 19 36
12 13 58
9 7 14
4 17 33
17 16 31
3 10 45
1 2 49
10 7 4
8 14 14
18 13 28
13 7 43
17 0 44
5 19 34
3 6 43
15 1 41
11 10 25
10 19 20
0 10 31
10 15 18
12 11 41
2 16 41
4 9 7
11 5 44
15 3 55
15 4 34
15 2 1
7 5 24
18 8 54
8 4 43
18 16 6
17 19 17
5 8 9
0 9 8
10 8 4
2 13 9
2 18 7
12 7 14
18 3 19
2 0 53
6 4 38
12 8 42
5 10 20
10 12 56
14 17 28
0 16 51
1 12 42
5 0 33
1 18 7
1 8 50
11 6 42
9 13 29
3 14 6
6 16 4
8 11 13
